
[0, 0]
[0.02, 0]
[0.07088433, 0]
[0.08745256, 0]
[0.1219469, 0]
[0.1219469, 2]
[0.1390146, 0]
[0.1550818, 0]
[0.1716481, 0]
[0.1882151, 0]
[0.2047818, 0]
[0.2213485, 0]
[0.2379148, 0]
[0.2544827, 0]
[0.2710482, 0]
[0.2876149, 0]
[0.3041815, 0]
[0.3207485, 0]
[0.3373152, 0]
[0.3538818, 0]
[0.3704485, 0]
[0.3870149, 0]
[0.4035819, 0]
[0.4201482, 0]
[0.4367149, 0]
[0.4532816, 0]
[0.4698482, 0]
[0.4864152, 0]
[0.5029819, 0]
[0.5195486, 0]
[0.5361152, 0]
[0.5526819, 0]
[0.569248, 0]
[0.5858155, 0]
[0.6023819, 0]
[0.618948, 0]
[0.635515, 0]
[0.652082, 0]
[0.6686487, 0]
[0.6852153, 0]
[0.7017817, 0]
[0.7183486, 0]
[0.734915, 0]
[0.751482, 0]
[0.7680483, 0]
[0.784615, 0]
[0.801182, 0]
[0.8177484, 0]
[0.8343154, 0]
[0.8508817, 0]
[0.8674484, 0]
[0.8840151, 0]
[0.9005821, 0]
[0.9171487, 0]
[0.9337151, 0]
[0.9502821, 0]
[0.9668484, 0]
[0.9834154, 0]
[0.9999821, 0]
[1.016548, 0]
[1.033115, 0]
[1.049682, 0]
[1.06625, 0]
[1.082815, 0]
[1.099382, 0]
[1.115948, 0]
[1.132515, 0]
[1.149081, 0]
[1.165648, 0]
[1.182215, 0]
[1.198781, 0]
[1.215348, 0]
[1.231915, 0]
[1.248482, 0]
[1.265048, 0]
[1.281615, 0]
[1.298182, 0]
[1.314748, 0]
[1.331315, 0]
[1.347881, 0]
[1.364449, 0]
[1.381015, 0]
[1.397582, 0]
[1.414149, 0]
[1.430715, 0]
[1.447282, 0]
[1.463848, 0]
[1.480416, 0]
[1.496982, 0]
[1.513549, 0]
[1.530115, 0]
[1.560096, 0]
[1.576664, 0]
[1.593231, 0]
[1.609798, 0]
[1.626364, 0]
[1.642931, 0]
[1.659497, 0]
[1.676064, 0]
[1.692632, 0]
[1.709197, 0]
[1.725766, 0]
[1.742331, 0]
[1.7589, 0]
[1.775464, 0]
[1.792032, 0]
[1.808597, 0]
[1.825168, 0]
[1.841731, 0]
[1.858298, 0]
[1.874864, 0]
[1.891431, 0]
[1.907997, 0]
[1.924564, 0]
[1.941131, 0]
[1.957698, 0]
[1.974264, 0]
[1.990831, 0]
[2.022439, 0]
[2.039006, 0]
[2.055573, 0]
[2.07214, 0]
[2.088706, 0]
[2.105273, 0]
[2.12184, 0]
[2.138406, 0]
[2.154974, 0]
[2.17154, 0]
[2.188107, 0]
[2.204674, 0]
[2.22124, 0]
[2.237807, 0]
[2.254373, 0]
[2.27094, 0]
[2.287507, 0]
[2.304074, 0]
[2.32064, 0]
[2.337206, 0]
[2.353774, 0]
[2.37034, 0]
[2.386908, 0]
[2.403473, 0]
[2.42004, 0]
[2.436607, 0]
[2.453173, 0]
[2.46974, 0]
[2.486307, 0]
[2.502873, 0]
[2.502873, 2]
[2.51944, 0]
[2.536007, 0]
[2.553895, 0]
[2.56996, 0]
[2.586529, 0]
[2.603095, 0]
[2.619661, 0]
[2.636228, 0]
[2.652795, 0]
[2.669361, 0]
[2.685928, 0]
[2.702494, 0]
[2.719061, 0]
[2.735628, 0]
[2.752194, 0]
[2.768761, 0]
[2.785329, 0]
[2.801895, 0]
[2.818461, 0]
[2.835028, 0]
[2.835028, 2]
[2.851595, 0]
[2.868161, 0]
[2.884728, 0]
[2.901295, 0]
[2.917861, 0]
[2.934429, 0]
[2.950995, 0]
[2.967561, 0]
[2.984128, 0]
[3.000695, 0]
[3.017262, 0]
[3.033828, 0]
[3.050395, 0]
[3.066962, 0]
[3.083529, 0]
[3.100095, 0]
[3.116662, 0]
[3.133229, 0]
[3.149795, 0]
[3.166362, 0]
[3.182928, 0]
[3.199495, 0]
[3.216061, 0]
[3.232628, 0]
[3.249195, 0]
[3.265762, 0]
[3.282328, 0]
[3.298895, 0]
[3.315462, 0]
[3.332028, 0]
[3.348595, 0]
[3.365162, 0]
[3.381728, 0]
[3.398295, 0]
[3.41486, 0]
[3.431428, 0]
[3.447995, 0]
[3.464561, 0]
[3.481128, 0]
[3.497695, 0]
[3.514262, 0]
[3.530828, 0]
[3.547395, 0]
[3.563962, 0]
[3.580528, 0]
[3.597095, 0]
[3.613662, 0]
[3.630228, 0]
[3.646795, 0]
[3.663362, 0]
[3.679928, 0]
[3.696496, 0]
[3.713061, 0]
[3.729628, 0]
[3.746195, 0]
[3.762762, 0]
[3.779328, 0]
[3.795895, 0]
[3.812462, 0]
[3.829028, 0]
[3.845595, 0]
[3.926303, 0]
[3.945439, 0]
[3.962006, 0]
[3.978573, 0]
[3.99514, 0]
[4.011707, 0]
[4.028274, 0]
[4.04484, 0]
[4.061407, 0]
[4.077974, 0]
[4.094541, 0]
[4.111109, 0]
[4.127674, 0]
[4.14424, 0]
[4.160808, 0]
[4.179532, 0]
[4.1961, 0]
[4.212667, 0]
[4.229233, 0]
[4.2458, 0]
[4.262366, 0]
[4.278933, 0]
[4.295501, 0]
[4.312067, 0]
[4.328634, 0]
[4.345208, 0]
[4.361767, 0]
[4.378334, 0]
[4.3949, 0]
[4.411467, 0]
[4.428033, 0]
[4.4446, 0]
[4.461166, 0]
[4.477733, 0]
[4.4943, 0]
[4.510867, 0]
[4.527433, 0]
[4.543999, 0]
[4.560567, 0]
[4.577133, 0]
[4.5937, 0]
[4.610267, 0]
[4.639812, 0]
[4.656379, 0]
[4.672946, 0]
[4.689512, 0]
[4.70608, 0]
[4.722646, 0]
[4.739213, 0]
[4.755779, 0]
[4.772346, 0]
[4.788913, 0]
[4.805479, 0]
[4.822046, 0]
[4.838613, 0]
[4.855179, 0]
[4.871746, 0]
[4.888313, 0]
[4.90488, 0]
[4.921445, 0]
[4.938621, 0]
[4.95458, 0]
[4.971146, 0]
[4.987713, 0]
[5.00428, 0]
[5.020846, 0]
[5.037413, 0]
[5.05398, 0]
[5.070547, 0]
[5.087113, 0]
[5.10368, 0]
[5.120246, 0]
[5.136813, 0]
[5.153379, 0]
[5.169947, 0]
[5.186513, 0]
[5.20308, 0]
[5.219646, 0]
[5.236213, 0]
[5.25278, 0]
[5.269346, 0]
[5.285913, 0]
[5.30248, 0]
[5.319557, 0]
[5.336124, 0]
[5.352691, 0]
[5.369258, 0]
[5.385825, 0]
[5.402391, 0]
[5.418958, 0]
[5.435525, 0]
[5.452091, 0]
[5.468658, 0]
[5.485225, 0]
[5.501791, 0]
[5.518359, 0]
[5.534925, 0]
[5.551492, 0]
[5.568058, 0]
[5.584625, 0]
[5.601192, 0]
[5.617758, 0]
[5.634325, 0]
[5.650891, 0]
[5.667459, 0]
[5.684025, 0]
[5.700592, 0]
[5.717158, 0]
[5.733725, 0]
[5.750292, 0]
[5.766859, 0]
[5.783425, 0]
[5.799992, 0]
[5.816558, 0]
[5.833127, 0]
[5.849691, 0]
[5.866259, 0]
[5.882825, 0]
[5.899391, 0]
[5.915958, 0]
[5.932525, 0]
[5.949091, 0]
[5.965658, 0]
[5.982225, 0]
[5.998792, 0]
[6.075377, 0]
[6.091945, 0]
[6.108511, 0]
[6.125614, 0]
[6.142182, 0]
[6.158749, 0]
[6.175315, 0]
[6.191883, 0]
[6.208449, 0]
[6.225015, 0]
[6.225015, 2]
[6.241582, 0]
[6.258307, 0]
[6.274716, 0]
[6.291282, 0]
[6.307849, 0]
[6.324416, 0]
[6.340982, 0]
[6.35755, 0]
[6.374115, 0]
[6.390682, 0]
[6.407249, 0]
[6.423816, 0]
[6.440382, 0]
[6.456949, 0]
[6.474959, 0]
[6.490082, 0]
[6.506649, 0]
[6.523215, 0]
[6.539783, 0]
[6.556348, 0]
[6.572916, 0]
[6.589482, 0]
[6.60605, 0]
[6.622616, 0]
[6.639182, 0]
[6.655749, 0]
[6.672316, 0]
[6.688883, 0]
[6.705449, 0]
[6.722016, 0]
[6.738582, 0]
[6.755149, 0]
[6.861634, 0]
[6.878202, 0]
[6.894769, 0]
[6.911336, 0]
[6.9339, 0]
[6.950469, 0]
[6.967034, 0]
[6.983602, 0]
[7.000168, 0]
[7.016735, 0]
[7.033302, 0]
[7.04987, 0]
[7.066436, 0]
[7.083002, 0]
[7.099568, 0]
[7.116135, 0]
[7.132702, 0]
[7.149268, 0]
[7.165835, 0]
[7.182402, 0]
[7.198969, 0]
[7.215535, 0]
[7.232102, 0]
[7.248669, 0]
[7.265235, 0]
[7.281802, 0]
[7.298368, 0]
[7.314935, 0]
[7.331502, 0]
[7.348068, 0]
[7.364635, 0]
[7.381202, 0]
[7.397768, 0]
[7.414336, 0]
[7.430902, 0]
[7.447469, 0]
[7.464035, 0]
[7.480602, 0]
[7.497169, 0]
[7.513735, 0]
[7.530302, 0]
[7.546869, 0]
[7.563435, 0]
[7.580004, 0]
[7.596569, 0]
[7.613136, 0]
[7.629702, 0]
[7.646269, 0]
[7.662836, 0]
[7.682687, 0]
[7.699254, 0]
[7.715822, 0]
[7.732388, 0]
[7.748955, 0]
[7.765522, 0]
[7.782088, 0]
[7.798655, 0]
[7.815222, 0]
[7.831788, 0]
[7.848355, 0]
[7.864922, 0]
[7.881488, 0]
[7.898055, 0]
[7.914622, 0]
[7.931188, 0]
[7.947755, 0]
[7.964322, 0]
[7.980888, 0]
[7.997455, 0]
[8.014022, 0]
[8.030588, 0]
[8.047154, 0]
[8.063722, 0]
[8.080289, 0]
[8.096855, 0]
[8.113421, 0]
[8.129988, 0]
[8.146555, 0]
[8.163121, 0]
[8.179688, 0]
[8.196256, 0]
[8.212823, 0]
[8.229388, 0]
[8.245955, 0]
[8.262523, 0]
[8.279088, 0]
[8.295655, 0]
[8.312222, 0]
[8.328789, 0]
[8.345355, 0]
[8.361924, 0]
[8.378489, 0]
[8.395055, 0]
[8.411622, 0]
[8.428188, 0]
[8.444755, 0]
[8.461322, 0]
[8.477994, 0]
[8.495256, 0]
[8.511824, 0]
[8.528391, 0]
[8.545046, 0]
[8.561614, 0]
[8.57818, 0]
[8.594748, 0]
[8.611315, 0]
[8.627881, 0]
[8.644447, 0]
[8.661014, 0]
[8.677581, 0]
[8.694148, 0]
[8.710714, 0]
[8.72728, 0]
[8.743848, 0]
[8.760414, 0]
[8.77698, 0]
[8.793548, 0]
[8.810114, 0]
[8.826681, 0]
[8.843246, 0]
[8.859814, 0]
[8.876381, 0]
[8.892948, 0]
[8.909514, 0]
[8.926081, 0]
[8.942648, 0]
[8.959214, 0]
[8.975781, 0]
[8.992348, 0]
[9.008915, 0]
[9.025481, 0]
[9.042048, 0]
[9.058614, 0]
[9.075181, 0]
[9.091747, 0]
[9.108315, 0]
[9.124881, 0]
[9.141449, 0]
[9.158014, 0]
[9.174582, 0]
[9.191148, 0]
[9.207714, 0]
[9.224281, 0]
[9.240848, 0]
[9.257415, 0]
[9.273981, 0]
[9.290548, 0]
[9.307115, 0]
[9.323681, 0]
[9.340248, 0]
[9.356814, 0]
[9.373381, 0]
[9.389947, 0]
[9.406514, 0]
[9.423081, 0]
[9.439647, 0]
[9.456215, 0]
[9.472781, 0]
[9.489347, 0]
[9.505914, 0]
[9.522481, 0]
[9.539047, 0]
[9.555614, 0]
[9.572181, 0]
[9.588747, 0]
[9.605314, 0]
[9.621881, 0]
[9.638448, 0]
[9.655015, 0]
[9.671581, 0]
[9.688148, 0]
[9.704715, 0]
[9.773098, 0]
[9.789665, 0]
[9.806232, 0]
[9.822799, 0]
[9.839365, 0]
[9.855932, 0]
[9.872499, 0]
[9.889066, 0]
[9.905632, 0]
[9.922199, 0]
[9.938766, 0]
[9.955333, 0]
[9.971899, 0]
[9.988466, 0]
[10.00503, 0]
[10.0216, 0]
[10.03817, 0]
[10.05473, 0]
[10.0713, 0]
[10.08787, 0]
[10.10443, 0]
[10.121, 0]
[10.13757, 0]
[10.15413, 0]
[10.1707, 0]
[10.18803, 0]
[10.20383, 0]
[10.2204, 0]
[10.23697, 0]
[10.25353, 0]
[10.2701, 0]
[10.28667, 0]
[10.30323, 0]
[10.3198, 0]
[10.33637, 0]
[10.35293, 0]
[10.3695, 0]
[10.38607, 0]
[10.40263, 0]
[10.4192, 0]
[10.43577, 0]
[10.45233, 0]
[10.4689, 0]
[10.48547, 0]
[10.50203, 0]
[10.5186, 0]
[10.53517, 0]
[10.55173, 0]
[10.57182, 0]
[10.58839, 0]
[10.60495, 0]
[10.62152, 0]
[10.63809, 0]
[10.65465, 0]
[10.67122, 0]
[10.68779, 0]
[10.70435, 0]
[10.72092, 0]
[10.73749, 0]
[10.75406, 0]
[10.77062, 0]
[10.78719, 0]
[10.80375, 0]
[10.82032, 0]
[10.83689, 0]
[10.85345, 0]
[10.87002, 0]
[10.88659, 0]
[10.90315, 0]
[10.91972, 0]
[10.93629, 0]
[10.95285, 0]
[10.96942, 0]
[10.98599, 0]
[11.00255, 0]
[11.01912, 0]
[11.03569, 0]
[11.05225, 0]
[11.06882, 0]
[11.08539, 0]
[11.10195, 0]
[11.11852, 0]
[11.13509, 0]
[11.15166, 0]
[11.16822, 0]
[11.18479, 0]
[11.20135, 0]
[11.21792, 0]
[11.23449, 0]
[11.25106, 0]
[11.26762, 0]
[11.28419, 0]
[11.30075, 0]
[11.31732, 0]
[11.33389, 0]
[11.35045, 0]
[11.36702, 0]
[11.38359, 0]
[11.40015, 0]
[11.41689, 0]
[11.43329, 0]
[11.44985, 0]
[11.46642, 0]
[11.48299, 0]
[11.49955, 0]
[11.51612, 0]
[11.53269, 0]
[11.54925, 0]
[11.56582, 0]
[11.58239, 0]
[11.59895, 0]
[11.61552, 0]
[11.63209, 0]
[11.64886, 0]
[11.66522, 0]
[11.68179, 0]
[11.69835, 0]
[11.71492, 0]
[11.73149, 0]
[11.74805, 0]
[11.76462, 0]
[11.78119, 0]
[11.79775, 0]
[11.81432, 0]
[11.83089, 0]
[11.84745, 0]
[11.86402, 0]
[11.88059, 0]
[11.89715, 0]
[11.91372, 0]
[11.93029, 0]
[11.94685, 0]
[11.96342, 0]
[11.97999, 0]
[11.99655, 0]
[12.01312, 0]
[12.02969, 0]
[12.04625, 0]
[12.06282, 0]
[12.07939, 0]
[12.09595, 0]
[12.11252, 0]
[12.12909, 0]
[12.14565, 0]
[12.16222, 0]
[12.17879, 0]
[12.19535, 0]
[12.21192, 0]
[12.22849, 0]
[12.2478, 0]
[12.26437, 0]
[12.28094, 0]
[12.2975, 0]
[12.31407, 0]
[12.33064, 0]
[12.3472, 0]
[12.36377, 0]
[12.38034, 0]
[12.3969, 0]
[12.41347, 0]
[12.43004, 0]
[12.4466, 0]
[12.46317, 0]
[12.47974, 0]
[12.4963, 0]
[12.51287, 0]
[12.52944, 0]
[12.52944, 2]
[12.546, 0]
[12.56257, 0]
[12.57914, 0]
[12.5957, 0]
[12.61227, 0]
[12.62884, 0]
[12.6454, 0]
[12.66197, 0]
[12.67854, 0]
[12.6951, 0]
[12.71167, 1]
[12.72826, 1]
[12.7448, 1]
[12.76137, 0]
[12.77794, 0]
[12.7945, 0]
[12.81107, 0]
[12.82764, 0]
[12.8442, 0]
[12.86077, 0]
[12.86077, 2]
[12.87734, 0]
[12.89801, 0]
[12.91318, 0]
[12.92975, 0]
[12.94632, 0]
[12.96289, 0]
[12.97945, 0]
[12.99602, 0]
[13.01259, 0]
[13.02915, 0]
[13.04572, 0]
[13.06229, 0]
[13.07885, 0]
[13.09542, 0]
[13.11199, 0]
[13.12855, 0]
[13.14512, 0]
[13.16169, 0]
[13.17825, 0]
[13.19482, 0]
[13.21139, 0]
[13.22795, 0]
[13.24452, 0]
[13.26109, 0]
[13.27765, 0]
[13.29422, 0]
[13.31166, 0]
[13.32823, 0]
[13.3448, 0]
[13.36136, 0]
[13.37793, 0]
[13.39473, 0]
[13.41106, 0]
[13.42763, 0]
[13.4442, 0]
[13.46076, 0]
[13.47759, 0]
[13.49415, 0]
[13.51072, 0]
[13.52729, 0]
[13.54385, 0]
[13.56042, 0]
[13.57699, 0]
[13.59355, 0]
[13.61012, 0]
[13.62669, 0]
[13.64325, 0]
[13.65982, 0]
[13.67639, 0]
[13.69296, 0]
[13.70957, 0]
[13.72609, 0]
[13.74265, 0]
[13.75922, 0]
[13.77579, 0]
[13.79235, 0]
[13.80892, 0]
[13.82549, 0]
[13.84205, 0]
[13.85862, 0]
[13.87519, 0]
[13.89175, 0]
[13.90832, 0]
[13.92489, 0]
[13.94145, 0]
[13.95802, 0]
[13.97459, 0]
[13.99115, 0]
[14.00772, 0]
[14.02429, 0]
[14.04085, 0]
[14.05742, 0]
[14.07399, 0]
[14.09055, 0]
[14.10712, 0]
[14.12369, 0]
[14.14025, 0]
[14.15682, 0]
[14.17339, 0]
[14.18995, 0]
[14.20652, 0]
[14.22309, 0]
[14.23965, 0]
[14.26273, 0]
[14.2793, 0]
[14.30014, 0]
[14.3167, 0]
[14.33327, 0]
[14.34984, 0]
[14.36641, 0]
[14.38297, 0]
[14.39954, 0]
[14.41611, 0]
[14.43267, 0]
[14.44924, 0]
[14.46581, 0]
[14.48237, 0]
[14.49894, 0]
[14.5155, 0]
[14.53207, 0]
[14.54864, 0]
[14.56521, 0]
[14.58177, 0]
[14.59834, 0]
[14.61491, 0]
[14.63147, 0]
[14.64861, 0]
[14.66461, 0]
[14.68117, 0]
[14.69774, 0]
[14.7143, 0]
[14.73087, 0]
[14.78202, 0]
[14.80545, 0]
[14.82201, 0]
[14.83858, 0]
[14.85515, 0]
[14.87171, 0]
[14.88828, 0]
[14.90485, 0]
[14.92141, 0]
[14.93798, 0]
[14.95455, 0]
[14.97111, 0]
[14.98768, 0]
[15.00442, 0]
[15.02099, 0]
[15.03755, 0]
[15.05412, 0]
[15.07069, 0]
[15.08726, 0]
[15.10382, 0]
[15.12039, 0]
[15.13696, 0]
[15.15352, 0]
[15.17009, 0]
[15.18666, 0]
[15.20322, 0]
[15.21979, 0]
[15.23635, 0]
[15.25292, 0]
[15.26949, 0]
[15.28606, 0]
[15.30262, 0]
[15.31919, 0]
[15.33576, 0]
[15.35232, 0]
[15.36889, 0]
[15.38546, 0]
[15.40202, 0]
[15.41859, 0]
[15.43516, 0]
[15.45172, 0]
[15.46829, 0]
[15.48486, 0]
[15.50161, 0]
[15.51799, 0]
[15.53456, 0]
[15.55112, 0]
[15.56769, 0]
[15.58426, 0]
[15.60082, 0]
[15.61739, 0]
[15.63396, 0]
[15.65052, 0]
[15.66709, 0]
[15.69633, 0]
[15.71289, 0]
[15.72946, 0]
[15.74603, 0]
[15.7626, 0]
[15.77916, 0]
[15.79573, 0]
[15.81229, 0]
[15.82886, 0]
[15.84543, 0]
[15.86199, 0]
[15.87856, 0]
[15.89513, 0]
[15.91169, 0]
[15.92826, 0]
[15.94483, 0]
[15.96139, 0]
[15.97796, 0]
[15.99453, 0]
[16.0111, 0]
[16.02766, 0]
[16.04423, 0]
[16.06079, 0]
[16.07736, 0]
[16.09393, 0]
[16.11049, 0]
[16.12706, 0]
[16.14363, 0]
[16.16671, 0]
[16.18535, 0]
[16.20192, 0]
[16.21849, 0]
[16.23506, 0]
[16.25674, 0]
[16.27331, 0]
[16.28988, 0]
[16.30645, 0]
[16.32301, 0]
[16.34565, 0]
[16.36222, 0]
[16.37878, 0]
[16.39535, 0]
[16.41192, 0]
[16.42848, 0]
[16.44505, 0]
[16.46162, 0]
[16.47818, 0]
[16.49475, 0]
[16.51132, 0]
[16.52788, 0]
[16.54445, 0]
[16.56102, 0]
[16.57758, 0]
[16.59415, 0]
[16.61072, 0]
[16.62728, 0]
[16.64385, 0]
[16.66042, 0]
[16.67698, 0]
[16.69355, 0]
[16.71012, 0]
[16.72668, 0]
[16.74325, 0]
[16.75982, 0]
[16.77638, 0]
[16.79295, 0]
[16.80952, 0]
[16.82608, 0]
[16.84265, 0]
[16.85922, 0]
[16.87578, 0]
[16.89235, 0]
[16.90892, 0]
[16.92548, 0]
[16.94205, 0]
[16.95862, 0]
[16.97518, 0]
[16.99175, 0]
[17.00832, 0]
[17.02505, 0]
[17.04145, 0]
[17.05802, 0]
[17.07458, 0]
[17.09115, 0]
[17.10772, 0]
[17.12428, 0]
[17.14085, 0]
[17.15742, 0]
[17.17398, 0]
[17.19055, 0]
[17.20712, 0]
[17.22368, 0]
[17.24025, 0]
[17.25682, 0]
[17.27338, 0]
[17.28995, 0]
[17.30652, 0]
[17.32308, 0]
[17.33965, 0]
[17.35661, 0]
[17.37318, 0]
[17.38975, 0]
[17.40631, 0]
[17.42288, 0]
[17.43945, 0]
[17.45601, 0]
[17.47258, 0]
[17.48915, 0]
[17.50571, 0]
[17.52228, 0]
[17.53885, 0]
[17.55541, 0]
[17.57198, 0]
[17.58855, 0]
[17.60511, 0]
[17.62168, 0]
[17.63825, 0]
[17.65482, 0]
[17.67138, 0]
[17.68795, 0]
[17.70451, 0]
[17.72108, 0]
[17.73765, 0]
[17.75422, 0]
[17.77078, 0]
[17.78735, 0]
[17.80392, 0]
[17.82048, 0]
[17.83705, 0]
[17.85361, 0]
[17.87018, 0]
[17.88675, 0]
[17.90331, 0]
[17.91988, 0]
[17.93645, 0]
[17.95301, 0]
[17.96958, 0]
[17.98615, 0]
[18.01225, 0]
[18.02882, 0]
[18.04538, 0]
[18.06195, 0]
[18.07852, 0]
[18.09509, 0]
[18.11165, 0]
[18.12822, 0]
[18.14478, 0]
[18.16135, 0]
[18.17792, 0]
[18.19448, 0]
[18.21105, 0]
[18.22762, 0]
[18.24418, 0]
[18.26075, 0]
[18.28459, 0]
[18.30116, 0]
[18.31787, 0]
[18.33444, 0]
[18.351, 0]
[18.36997, 0]
[18.38654, 0]
[18.4031, 0]
[18.41967, 0]
[18.43624, 0]
[18.4528, 0]
[18.46937, 0]
[18.48594, 0]
[18.51966, 0]
[18.53623, 0]
[18.5528, 0]
[18.56936, 0]
[18.58593, 0]
[18.6025, 0]
[18.61907, 0]
[18.63563, 0]
[18.6522, 0]
[18.66877, 0]
[18.68533, 0]
[18.7019, 0]
[18.71847, 0]
[18.73503, 0]
[18.7516, 0]
[18.76817, 0]
[18.78473, 0]
[18.8013, 0]
[18.81787, 0]
[18.83443, 0]
[18.851, 0]
[18.86757, 0]
[18.88413, 0]
[18.9007, 0]
[18.91727, 0]
[18.93383, 0]
[18.9504, 0]
[18.96696, 0]
[18.98353, 0]
[19.0001, 0]
[19.01667, 0]
[19.03323, 0]
[19.0498, 0]
[19.06637, 0]
[19.08293, 0]
[19.0995, 0]
[19.11607, 0]
[19.13263, 0]
[19.1492, 0]
[19.16577, 0]
[19.18233, 0]
[19.1989, 0]
[19.21547, 0]
[19.23203, 0]
[19.2486, 0]
[19.26517, 0]
[19.28173, 0]
[19.30083, 0]
[19.3174, 0]
[19.33396, 0]
[19.35053, 0]
[19.37188, 0]
[19.38844, 0]
[19.40603, 0]
[19.4226, 0]
[19.43916, 0]
[19.45573, 0]
[19.4723, 0]
[19.48886, 0]
[19.50543, 0]
[19.522, 0]
[19.53856, 0]
[19.55513, 0]
[19.5717, 0]
[19.58826, 0]
[19.60483, 0]
[19.6214, 0]
[19.63796, 0]
[19.65453, 0]
[19.6711, 0]
[19.68766, 0]
[19.70423, 0]
[19.7208, 0]
[19.73736, 0]
[19.75393, 0]
[19.7705, 0]
[19.78706, 0]
[19.80363, 0]
[19.8202, 0]
[19.83676, 0]
[19.85333, 0]
[19.8699, 0]
[19.88646, 0]
[19.90303, 0]
[19.9196, 0]
[19.93616, 0]
[19.95273, 0]
[19.9693, 0]
[19.98586, 0]
[20.00243, 0]
[20.03428, 0]
[20.05085, 0]
[20.06742, 0]
[20.08398, 0]
[20.10055, 0]
[20.11712, 0]
[20.13368, 0]
[20.15025, 0]
[20.16681, 0]
[20.18338, 0]
[20.19995, 0]
[20.21651, 0]
[20.23308, 0]
[20.24965, 0]
[20.26622, 0]
[20.29063, 0]
[20.3072, 0]
[20.32923, 0]
[20.3458, 0]
[20.36585, 0]
[20.38242, 0]
[20.40367, 0]
[20.42023, 0]
[20.4368, 0]
[20.45337, 0]
[20.46993, 0]
[20.4865, 0]
[20.50307, 0]
[20.51963, 0]
[20.5362, 0]
[20.55277, 0]
[20.56933, 0]
[20.5859, 0]
[20.60247, 0]
[20.61903, 0]
[20.6356, 0]
[20.65217, 0]
[20.66873, 0]
[20.6853, 0]
[20.70187, 0]
[20.71843, 0]
[20.735, 0]
[20.75157, 0]
[20.76813, 0]
[20.7847, 0]
[20.80127, 0]
[20.81783, 0]
[20.8344, 0]
[20.85097, 0]
[20.86753, 0]
[20.8841, 0]
[20.90067, 0]
[20.91723, 0]
[20.9338, 0]
[20.95037, 0]
[20.96693, 0]
[20.9835, 0]
[21.00007, 0]
[21.01663, 0]
[21.0332, 0]
[21.04977, 0]
[21.06633, 0]
[21.0829, 0]
[21.09947, 0]
[21.11603, 0]
[21.1326, 0]
[21.14917, 0]
[21.16573, 0]
[21.1823, 0]
[21.19887, 0]
[21.21543, 0]
[21.232, 0]
[21.24857, 0]
[21.26513, 0]
[21.2817, 0]
[21.29827, 0]
[21.31483, 0]
[21.3314, 0]
[21.34797, 0]
[21.36453, 0]
[21.3811, 0]
[21.39767, 0]
[21.41423, 0]
[21.4308, 0]
[21.44737, 0]
[21.46393, 0]
[21.4805, 0]
[21.49707, 0]
[21.51363, 0]
[21.5302, 0]
[21.54677, 0]
[21.56333, 0]
[21.5799, 0]
[21.59647, 0]
[21.61303, 0]
[21.6296, 0]
[21.64617, 0]
[21.66273, 0]
[21.6793, 0]
[21.69587, 0]
[21.71243, 0]
[21.729, 0]
[21.74557, 0]
[21.76213, 0]
[21.7787, 0]
[21.79527, 0]
[21.81183, 0]
[21.8284, 0]
[21.84498, 0]
[21.86153, 0]
[21.8781, 0]
[21.89467, 0]
[21.91123, 0]
[21.9278, 0]
[21.94437, 0]
[21.96093, 0]
[21.9775, 0]
[21.99407, 0]
[22.01063, 0]
[22.0272, 0]
[22.04377, 0]
[22.06033, 0]
[22.0769, 0]
[22.09347, 0]
[22.11003, 0]
[22.1266, 0]
[22.14317, 0]
[22.15973, 0]
[22.1763, 0]
[22.19287, 0]
[22.20943, 0]
[22.226, 0]
[22.24257, 0]
[22.25913, 0]
[22.2757, 0]
[22.29227, 0]
[22.30883, 0]
[22.3254, 0]
[22.34197, 0]
[22.35853, 0]
[22.3751, 0]
[22.45175, 0]
[22.46832, 0]
[22.48488, 0]
[22.51018, 0]
[22.52675, 0]
[22.54332, 0]
[22.55989, 0]
[22.57645, 0]
[22.59302, 0]
[22.60959, 0]
[22.62615, 0]
[22.64272, 0]
[22.65929, 0]
[22.67585, 0]
[22.69242, 0]
[22.70899, 0]
[22.72555, 0]
[22.74212, 0]
[22.75869, 0]
[22.77525, 0]
[22.79182, 0]
[22.80839, 0]
[22.82497, 0]
[22.84152, 0]
[22.85809, 0]
[22.87809, 0]
[22.89809, 0]
[22.91465, 0]
[22.93122, 0]
[22.94779, 0]
[22.96435, 0]
[22.98092, 0]
[22.99749, 0]
[23.01405, 0]
[23.03062, 0]
[23.0498, 0]
[23.06637, 0]
[23.08294, 0]
[23.0995, 0]
[23.11607, 0]
[23.13264, 0]
[23.1492, 0]
[23.16577, 0]
[23.18234, 0]
[23.1989, 0]
[23.21547, 0]
[23.23204, 0]
[23.2486, 0]
[23.28016, 0]
[23.29672, 0]
[23.31388, 0]
[23.32986, 0]
[23.34642, 0]
[23.36299, 0]
[23.37956, 0]
[23.39612, 0]
[23.41269, 0]
[23.42926, 0]
[23.44582, 0]
[23.46239, 0]
[23.46239, 2]
[23.47896, 0]
[23.49553, 0]
[23.51356, 0]
[23.53012, 0]
[23.54669, 0]
[23.56326, 0]
[23.57989, 0]
[23.59639, 0]
[23.61296, 0]
[23.62962, 0]
[23.64609, 0]
[23.66266, 0]
[23.67922, 0]
[23.69579, 0]
[23.71236, 0]
[23.72892, 0]
[23.74549, 0]
[23.76206, 0]
[23.77862, 0]
[23.79519, 0]
[23.81176, 0]
[23.82832, 0]
[23.84489, 0]
[23.86146, 0]
[23.86146, 2]
[23.87802, 0]
[23.89459, 0]
[23.91116, 0]
[23.92772, 0]
[23.94429, 0]
[23.96086, 0]
[23.97742, 0]
[24.00293, 0]
[24.0195, 0]
[24.03606, 0]
[24.05272, 0]
[24.0692, 0]
[24.08577, 0]
[24.10233, 0]
[24.1189, 0]
[24.13547, 0]
[24.15203, 0]
[24.1686, 0]
[24.18517, 0]
[24.20173, 0]
[24.2183, 0]
[24.2349, 0]
[24.25143, 0]
[24.268, 0]
[24.28456, 0]
[24.30113, 0]
[24.3177, 0]
[24.33426, 0]
[24.35083, 0]
[24.3674, 0]
[24.38397, 0]
[24.40053, 0]
[24.4171, 0]
[24.43367, 0]
[24.45023, 0]
[24.4668, 0]
[24.48337, 0]
[24.49993, 0]
[24.5165, 0]
[24.53307, 0]
[24.61681, 0]
[24.63338, 0]
[24.64995, 0]
[24.66651, 0]
[24.68308, 0]
[24.69965, 0]
[24.71622, 0]
[24.73284, 0]
[24.74941, 0]
[24.76597, 0]
[24.78254, 0]
[24.8095, 0]
[24.82607, 0]
[24.84263, 0]
[24.8592, 0]
[24.87577, 0]
[24.89233, 0]
[24.9089, 0]
[24.92547, 0]
[24.94203, 0]
[24.9586, 0]
[24.97517, 0]
[24.99173, 0]
[25.0083, 0]
[25.02487, 0]
[25.04144, 0]
[25.058, 0]
[25.07457, 0]
[25.09114, 0]
[25.1077, 0]
[25.12427, 0]
[25.14179, 0]
[25.1574, 0]
[25.17397, 0]
[25.19053, 0]
[25.2071, 0]
[25.22367, 0]
[25.24023, 0]
[25.2568, 0]
[25.27337, 0]
[25.28993, 0]
[25.3065, 0]
[25.32307, 0]
[25.33963, 0]
[25.3562, 0]
[25.37277, 0]
[25.38933, 0]
[25.4059, 0]
[25.42247, 0]
[25.43903, 0]
[25.4556, 0]
[25.47217, 0]
[25.48874, 0]
[25.51008, 0]
[25.52665, 0]
[25.54322, 0]
[25.55978, 0]
[25.57635, 0]
[25.59292, 0]
[25.60948, 0]
[25.62605, 0]
[25.6485, 0]
[25.66507, 0]
[25.68164, 0]
[25.6982, 0]
[25.71477, 0]
[25.73134, 0]
[25.7479, 0]
[25.76447, 0]
[25.78104, 0]
[25.7976, 0]
[25.81417, 0]
[25.83074, 0]
[25.84731, 0]
[25.86387, 0]
[25.88044, 0]
[25.897, 0]
[25.91357, 0]
[25.91357, 2]
[25.93014, 0]
[25.9467, 0]
[25.96327, 0]
[25.97984, 0]
[25.9964, 0]
[26.01297, 0]
[26.02954, 0]
[26.0461, 0]
[26.06267, 0]
[26.07924, 0]
[26.0958, 0]
[26.11237, 0]
[26.12894, 0]
[26.1455, 0]
[26.16207, 0]
[26.17864, 0]
[26.1952, 0]
[26.21177, 0]
[26.22834, 0]
[26.24491, 0]
[26.26147, 0]
[26.27804, 0]
[26.29461, 0]
[26.31117, 0]
[26.32774, 0]
[26.34431, 0]
[26.36087, 0]
[26.37744, 0]
[26.394, 0]
[26.41057, 0]
[26.42714, 0]
[26.4437, 0]
[26.46027, 0]
[26.47684, 0]
[26.4934, 0]
[26.50997, 0]
[26.52654, 0]
[26.5431, 0]
[26.5431, 2]
[26.55967, 0]
[26.57624, 0]
[26.5928, 0]
[26.60937, 0]
[26.62594, 0]
[26.64251, 0]
[26.65907, 0]
[26.67564, 0]
[26.69221, 0]
[26.70877, 0]
[26.72534, 0]
[26.74191, 0]
[26.75847, 0]
[26.77504, 0]
[26.7916, 0]
[26.80817, 0]
[26.82474, 0]
[26.8413, 0]
[26.85787, 0]
[26.87444, 0]
[26.891, 0]
[26.90757, 0]
[26.92414, 0]
[26.9407, 0]
[26.95727, 0]
[26.97384, 0]
[26.99041, 0]
[27.00697, 0]
[27.02354, 0]
[27.0401, 0]
[27.05667, 0]
[27.07324, 0]
[27.0898, 0]
[27.10637, 0]
[27.12294, 0]
[27.13951, 0]
[27.15607, 0]
[27.17264, 0]
[27.18921, 0]
[27.20577, 0]
[27.22234, 0]
[27.2389, 0]
[27.25746, 0]
[27.27402, 0]
[27.29059, 0]
[27.30716, 0]
[27.33385, 0]
[27.35042, 0]
[27.36698, 0]
[27.38355, 0]
[27.40012, 0]
[27.41669, 0]
[27.43325, 0]
[27.44982, 0]
[27.46638, 0]
[27.48295, 0]
[27.48295, 2]
[27.49952, 0]
[27.51608, 0]
[27.53265, 0]
[27.54922, 0]
[27.56578, 0]
[27.58235, 0]
[27.59892, 0]
[27.61549, 0]
[27.63205, 0]
[27.64862, 0]
[27.66518, 0]
[27.68175, 0]
[27.69832, 0]
[27.71488, 0]
[27.73145, 0]
[27.74802, 0]
[27.76458, 0]
[27.78115, 0]
[27.79772, 0]
[27.81428, 0]
[27.83085, 0]
[27.84742, 0]
[27.86399, 0]
[27.88055, 0]
[27.89712, 0]
[27.91368, 0]
[27.93025, 0]
[27.94682, 0]
[27.96338, 0]
[27.97995, 0]
[27.99652, 0]
[28.01308, 0]
[28.02965, 0]
[28.04622, 0]
[28.06278, 0]
[28.12308, 0]
[28.13965, 0]
[28.16484, 0]
[28.19141, 0]
[28.20798, 0]
[28.22454, 0]
[28.24111, 0]
[28.25768, 0]
[28.27424, 0]
[28.29081, 0]
[28.30738, 0]
[28.32394, 0]
[28.34051, 0]
[28.37295, 0]
[28.38951, 0]
[28.40608, 0]
[28.42265, 0]
[28.43921, 0]
[28.45578, 0]
[28.47235, 0]
[28.48891, 0]
[28.50548, 0]
[28.52205, 0]
[28.53861, 0]
[28.55518, 0]
[28.57175, 0]
[28.58831, 0]
[28.60488, 0]
[28.62145, 0]
[28.63801, 0]
[28.65458, 0]
[28.67115, 0]
[28.68771, 0]
[28.70428, 0]
[28.72085, 0]
[28.73742, 0]
[28.75398, 0]
[28.77055, 0]
[28.78712, 0]
[28.80368, 0]
[28.82025, 0]
[28.83681, 0]
[28.85338, 0]
[28.86995, 0]
[28.88651, 0]
[28.90308, 0]
[28.91965, 0]
[28.93621, 0]
[28.95278, 0]
[28.96935, 0]
[28.98591, 0]
[29.00248, 0]
[29.01905, 0]
[29.03561, 0]
[29.05218, 0]
[29.06875, 0]
[29.08532, 0]
[29.10188, 0]
[29.11845, 0]
[29.13502, 0]
[29.15158, 0]
[29.16815, 0]
[29.18471, 0]
[29.20128, 0]
[29.21785, 0]
[29.23442, 0]
[29.25098, 0]
[29.26755, 0]
[29.28411, 0]
[29.30068, 0]
[29.318, 0]
[29.33457, 0]
[29.37754, 0]
[29.39411, 0]
[29.41067, 0]
[29.42724, 0]
[29.44381, 0]
[29.46037, 0]
[29.47694, 0]
[29.49351, 0]
[29.51007, 0]
[29.52664, 0]
[29.54321, 0]
[29.55977, 0]
[29.57634, 0]
[29.60394, 0]
[29.63998, 0]
[29.65655, 0]
[29.67311, 0]
[29.70355, 0]
[29.72012, 0]
[29.73712, 0]
[29.75369, 0]
[29.77026, 0]
[29.78683, 0]
[29.80339, 0]
[29.81996, 0]
[29.83652, 0]
[29.85309, 0]
[29.86966, 0]
[29.88622, 0]
[29.90279, 0]
[29.91936, 0]
[29.94105, 0]
[29.95906, 0]
[29.97563, 0]
[29.99852, 0]
[30.0313, 0]
[30.04787, 0]
[30.06443, 0]
[30.081, 0]
[30.09757, 0]
[30.11413, 0]
[30.1319, 0]
[30.14847, 0]
[30.16504, 0]
[30.1816, 0]
[30.19817, 0]
[30.21474, 0]
[30.2313, 0]
[30.24787, 0]
[30.26444, 0]
[30.281, 0]
[30.29757, 0]
[30.31414, 0]
[30.35113, 0]
[30.39864, 0]
[30.41523, 0]
[30.4318, 0]
[30.44837, 0]
[30.46493, 0]
[30.4815, 0]
[30.49807, 0]
[30.51463, 0]
[30.5312, 0]
[30.54777, 0]
[30.56433, 0]
[30.5809, 0]
[30.59747, 0]
[30.61403, 0]
[30.6306, 0]
[30.64717, 0]
[30.66373, 0]
[30.6803, 0]
[30.69687, 0]
[30.71343, 0]
[30.73, 0]
[30.74657, 0]
[30.76313, 0]
[30.7797, 0]
[30.79627, 0]
[30.81283, 0]
[30.8294, 0]
[30.84597, 0]
[30.86253, 0]
[30.8791, 0]
[30.89567, 0]
[30.91223, 0]
[30.9288, 0]
[30.94537, 0]
[30.96193, 0]
[30.9785, 0]
[30.99507, 0]
[31.01163, 0]
[31.0282, 0]
[31.04477, 0]
[31.06133, 0]
[31.0779, 0]
[31.09447, 0]
[31.11103, 0]
[31.1276, 0]
[31.14417, 0]
[31.16073, 0]
[31.1773, 0]
[31.19387, 0]
[31.21043, 0]
[31.227, 0]
[31.24917, 0]
[31.31002, 0]
[31.32658, 0]
[31.34315, 0]
[31.35972, 0]
[31.37628, 0]
[31.39285, 0]
[31.40942, 0]
[31.42598, 0]
[31.44255, 0]
[31.45912, 0]
[31.47568, 0]
[31.49225, 0]
[31.50882, 0]
[31.52538, 0]
[31.54195, 0]
[31.55852, 0]
[31.57508, 0]
[31.59165, 0]
[31.60822, 0]
[31.62478, 0]
[31.64135, 0]
[31.65792, 0]
[31.67448, 0]
[31.69105, 0]
[31.70762, 0]
[31.72418, 0]
[31.74075, 0]
[31.75732, 0]
[31.77388, 0]
[31.79045, 0]
[31.80702, 0]
[31.82358, 0]
[31.84015, 0]
[31.85672, 0]
[31.87329, 0]
[31.88985, 0]
[31.90642, 0]
[31.92299, 0]
[31.93955, 0]
[31.95612, 0]
[31.97268, 0]
[31.98925, 0]
[32.00582, 0]
[32.02238, 0]
[32.03895, 0]
[32.05552, 0]
[32.07208, 0]
[32.09212, 0]
[32.10869, 0]
[32.12526, 0]
[32.14183, 0]
[32.15839, 0]
[32.17496, 0]
[32.19153, 0]
[32.2081, 0]
[32.22466, 0]
[32.24123, 0]
[32.25779, 0]
[32.27436, 0]
[32.29093, 0]
[32.3075, 0]
[32.32406, 0]
[32.34063, 0]
[32.35719, 0]
[32.37376, 0]
[32.39033, 0]
[32.40689, 0]
[32.42346, 0]
[32.44208, 0]
[32.45865, 0]
[32.47522, 0]
[32.49178, 0]
[32.50835, 0]
[32.52491, 0]
[32.54148, 0]
[32.55805, 0]
[32.57462, 0]
[32.59118, 0]
[32.60775, 0]
[32.62431, 0]
[32.64088, 0]
[32.65745, 0]
[32.67402, 0]
[32.69058, 0]
[32.70715, 0]
[32.72371, 0]
[32.74028, 0]
[32.75685, 0]
[32.77341, 0]
[32.78998, 0]
[32.80703, 0]
[32.8236, 0]
[32.84017, 0]
[32.85674, 0]
[32.8733, 0]
[32.88987, 0]
[32.90643, 0]
[32.923, 0]
[32.93957, 0]
[32.95613, 0]
[32.9727, 0]
[32.98927, 0]
[33.00583, 0]
[33.0224, 0]
[33.03897, 0]
[33.05553, 0]
[33.0721, 0]
[33.09157, 0]
[33.10814, 0]
[33.12885, 0]
[33.14542, 0]
[33.16199, 0]
[33.17855, 0]
[33.19512, 0]
[33.21169, 0]
[33.22826, 0]
[33.24482, 0]
[33.26139, 0]
[33.27795, 0]
[33.29452, 0]
[33.31108, 0]
[33.32765, 0]
[33.34422, 0]
[33.36079, 0]
[33.37735, 0]
[33.39392, 0]
[33.41048, 0]
[33.42705, 0]
[33.44362, 0]
[33.46019, 0]
[33.47675, 0]
[33.49498, 0]
[33.51327, 0]
[33.53061, 0]
[33.54725, 0]
[33.56382, 0]
[33.58039, 0]
[33.59695, 0]
[33.61352, 0]
[33.63009, 0]
[33.64666, 0]
[33.66322, 0]
[33.67979, 0]
[33.69635, 0]
[33.71292, 0]
[33.72949, 0]
[33.74606, 0]
[33.76262, 0]
[33.77919, 0]
[33.79575, 0]
[33.81232, 0]
[33.82889, 0]
[33.84546, 0]
[33.86202, 0]
[33.87859, 0]
[33.89515, 0]
[33.91172, 0]
[33.92829, 0]
[33.94485, 0]
[33.96142, 0]
[33.97799, 0]
[33.99456, 0]
[34.01112, 0]
[34.02769, 0]
[34.04425, 0]
[34.06082, 0]
[34.09907, 0]
[34.11564, 0]
[34.13221, 0]
[34.14877, 0]
[34.16646, 0]
[34.18303, 0]
[34.19959, 0]
[34.21616, 0]
[34.23273, 0]
[34.24929, 0]
[34.26586, 0]
[34.28242, 0]
[34.29899, 0]
[34.31556, 0]
[34.33213, 0]
[34.34869, 0]
[34.36526, 0]
[34.38182, 0]
[34.39839, 0]
[34.41496, 0]
[34.43153, 0]
[34.44809, 0]
[34.46466, 0]
[34.48122, 0]
[34.5208, 0]
[34.53736, 0]
[34.55393, 0]
[34.5705, 0]
[34.58707, 0]
[34.60363, 0]
[34.6202, 0]
[34.63677, 0]
[34.65333, 0]
[34.6699, 0]
[34.68647, 0]
[34.70303, 0]
[34.7196, 0]
[34.73617, 0]
[34.75274, 0]
[34.7693, 0]
[34.78587, 0]
[34.80243, 0]
[34.819, 0]
[34.83557, 0]
[34.85213, 0]
[34.8687, 0]
[34.88527, 0]
[34.90183, 0]
[34.9184, 0]
[34.93497, 0]
[34.95153, 0]
[34.9681, 0]
[34.98467, 0]
[35.00124, 0]
[35.0178, 0]
[35.03437, 0]
[35.05093, 0]
[35.0675, 0]
[35.08406, 0]
[35.10064, 0]
[35.1172, 0]
[35.13669, 0]
[35.15326, 0]
[35.16982, 0]
[35.18639, 0]
[35.20296, 0]
[35.21952, 0]
[35.23609, 0]
[35.25266, 0]
[35.26922, 0]
[35.28579, 0]
[35.30236, 0]
[35.31892, 0]
[35.33549, 0]
[35.35205, 0]
[35.36862, 0]
[35.38519, 0]
[35.40176, 0]
[35.41832, 0]
[35.43489, 0]
[35.45146, 0]
[35.46802, 0]
[35.48459, 0]
[35.50116, 0]
[35.51772, 0]
[35.53429, 0]
[35.55086, 0]
[35.56742, 0]
[35.58399, 0]
[35.60056, 0]
[35.61712, 0]
[35.63369, 0]
[35.65026, 0]
[35.66685, 0]
[35.68339, 0]
[35.69995, 0]
[35.71653, 0]
[35.73309, 0]
[35.77879, 0]
[35.78781, 0]
[35.80437, 0]
[35.82094, 0]
[35.83751, 0]
[35.85408, 0]
[35.87064, 0]
[35.88721, 0]
[35.90377, 0]
[35.92034, 0]
[35.93691, 0]
[35.95348, 0]
[35.97004, 0]
[35.98661, 0]
[36.00318, 0]
[36.01974, 0]
[36.03631, 0]
[36.05288, 0]
[36.06944, 0]
[36.0933, 0]
[36.10987, 0]
[36.15493, 0]
[36.1715, 0]
[36.18807, 0]
[36.20464, 0]
[36.2212, 0]
[36.23777, 0]
[36.25434, 0]
[36.2709, 0]
[36.28747, 0]
[36.30404, 0]
[36.3206, 0]
[36.33717, 0]
[36.35374, 0]
[36.3703, 0]
[36.38687, 0]
[36.40343, 0]
[36.42, 0]
[36.43657, 0]
[36.45314, 0]
[36.4697, 0]
[36.48627, 0]
[36.50284, 0]
[36.5194, 0]
[36.53597, 0]
[36.55254, 0]
[36.5691, 0]
[36.58567, 0]
[36.60224, 0]
[36.6188, 0]
[36.63537, 0]
[36.65194, 0]
[36.6685, 0]
[36.68507, 0]
[36.70164, 0]
[36.7182, 0]
[36.73477, 0]
[36.75134, 0]
[36.7679, 0]
[36.78447, 0]
[36.80104, 0]
[36.8176, 0]
[36.83417, 0]
[36.85074, 0]
[36.8673, 0]
[36.88387, 0]
[36.90044, 0]
[36.917, 0]
[36.93357, 0]
[36.95014, 0]
[36.9667, 0]
[36.98327, 0]
[36.99984, 0]
[37.0164, 0]
[37.03305, 0]
[37.04954, 0]
[37.0661, 0]
[37.08267, 0]
[37.09924, 0]
[37.1158, 0]
[37.13237, 0]
[37.14894, 0]
[37.1655, 0]
[37.18207, 0]
[37.19864, 0]
[37.2152, 0]
[37.23177, 0]
[37.24834, 0]
[37.2649, 0]
[37.28147, 0]
[37.29803, 0]
[37.3146, 0]
[37.33117, 0]
[37.34774, 0]
[37.3643, 0]
[37.38087, 0]
[37.39744, 0]
[37.414, 0]
[37.43057, 0]
[37.44714, 0]
[37.51879, 0]
[37.53536, 0]
[37.55193, 0]
[37.56849, 0]
[37.58506, 0]
[37.60163, 0]
[37.61819, 0]
[37.63476, 0]
[37.65133, 0]
[37.66789, 0]
[37.68446, 0]
[37.70103, 0]
[37.71759, 0]
[37.73727, 0]
[37.75383, 0]
[37.77216, 0]
[37.78872, 0]
[37.81937, 0]
[37.83593, 0]
[37.8525, 0]
[37.86907, 0]
[37.88564, 0]
[37.9022, 0]
[37.91877, 0]
[37.93533, 0]
[37.95191, 0]
[37.96847, 0]
[37.98503, 0]
[38.0016, 0]
[38.01817, 0]
[38.03474, 0]
[38.0513, 0]
[38.06787, 0]
[38.08443, 0]
[38.101, 0]
[38.11757, 0]
[38.13414, 0]
[38.1507, 0]
[38.16727, 0]
[38.18383, 0]
[38.2004, 0]
[38.21697, 0]
[38.23354, 0]
[38.2501, 0]
[38.26678, 0]
[38.28323, 0]
[38.2998, 0]
[38.31637, 0]
[38.33294, 0]
[38.3495, 0]
[38.36607, 0]
[38.38264, 0]
[38.3992, 0]
[38.41577, 0]
[38.43233, 0]
[38.4489, 0]
[38.46547, 0]
[38.48204, 0]
[38.4986, 0]
[38.51517, 0]
[38.53173, 0]
[38.5483, 0]
[38.56487, 0]
[38.58144, 0]
[38.598, 0]
[38.61457, 0]
[38.63113, 0]
[38.6477, 0]
[38.66427, 0]
[38.68084, 0]
[38.6974, 0]
[38.71397, 0]
[38.73053, 0]
[38.7471, 0]
[38.76367, 0]
[38.78024, 0]
[38.79713, 0]
[38.81337, 0]
[38.82993, 0]
[38.8465, 0]
[38.86324, 0]
[38.87981, 0]
[38.89637, 0]
[38.91294, 0]
[38.92951, 0]
[38.94607, 0]
[38.96264, 0]
[38.97921, 0]
[38.99577, 0]
[39.01234, 0]
[39.02891, 0]
[39.04547, 0]
[39.06204, 0]
[39.07861, 0]
[39.09517, 0]
[39.11174, 0]
[39.12831, 0]
[39.14487, 0]
[39.16144, 0]
[39.17801, 0]
[39.19457, 0]
[39.21114, 0]
[39.22771, 0]
[39.24427, 0]
[39.26084, 0]
[39.2774, 0]
[39.29398, 0]
[39.31054, 0]
[39.32711, 0]
[39.34367, 0]
[39.36024, 0]
[39.3768, 0]
[39.39337, 0]
[39.40994, 0]
[39.42651, 0]
[39.44307, 0]
[39.45964, 0]
[39.47621, 0]
[39.49277, 0]
[39.50934, 0]
[39.52591, 0]
[39.54247, 0]
[39.55904, 0]
[39.57561, 0]
[39.59217, 0]
[39.60874, 0]
[39.62531, 0]
[39.64187, 0]
[39.65844, 0]
[39.67501, 0]
[39.69157, 0]
[39.70814, 0]
[39.7247, 0]
[39.74127, 0]
[39.7636, 0]
[39.78017, 0]
[39.79725, 0]
[39.81382, 0]
[39.83038, 0]
[39.84695, 0]
[39.86723, 0]
[39.8838, 0]
[39.90037, 0]
[39.91693, 0]
[39.9335, 0]
[39.95007, 0]
[39.96664, 0]
[39.9832, 0]
[39.99977, 0]
[40.01633, 0]
[40.0329, 0]
[40.04947, 0]
[40.06604, 0]
[40.0826, 0]
[40.09917, 0]
[40.11573, 0]
[40.1323, 0]
[40.14887, 0]
[40.16544, 0]
[40.182, 0]
[40.19857, 0]
[40.21513, 0]
[40.2317, 0]
[40.24827, 0]
[40.26484, 0]
[40.2814, 0]
[40.29797, 0]
[40.31454, 0]
[40.3311, 0]
[40.34767, 0]
[40.36423, 0]
[40.3808, 0]
[40.39737, 0]
[40.41394, 0]
[40.4305, 0]
[40.44707, 0]
[40.46363, 0]
[40.4802, 0]
[40.49677, 0]
[40.51334, 0]
[40.5299, 0]
[40.54647, 0]
[40.56303, 0]
[40.5796, 0]
[40.59617, 0]
[40.61274, 0]
[40.6293, 0]
[40.64587, 0]
[40.66243, 0]
[40.679, 0]
[40.69557, 0]
[40.71214, 0]
[40.7287, 0]
[40.74527, 0]
[40.76183, 0]
[40.78384, 0]
[40.8004, 0]
[40.81697, 0]
[40.83354, 0]
[40.85082, 0]
[40.86739, 0]
[40.88396, 0]
[40.90052, 0]
[40.91709, 0]
[40.93366, 0]
[40.95023, 0]
[40.96679, 0]
[40.98336, 0]
[40.99992, 0]
[41.01691, 0]
[41.03306, 0]
[41.04963, 0]
[41.06619, 0]
[41.08276, 0]
[41.09933, 0]
[41.11589, 0]
[41.13246, 0]
[41.14902, 0]
[41.16559, 0]
[41.18216, 0]
[41.19873, 0]
[41.21529, 0]
[41.23186, 0]
[41.24842, 0]
[41.26499, 0]
[41.28156, 0]
[41.29813, 0]
[41.31469, 0]
[41.33126, 0]
[41.34782, 0]
[41.36439, 0]
[41.38096, 0]
[41.39753, 0]
[41.41409, 0]
[41.43066, 0]
[41.44722, 0]
[41.46379, 0]
[41.48036, 0]
[41.49693, 0]
[41.51349, 0]
[41.53006, 0]
[41.54663, 0]
[41.56319, 0]
[41.57976, 0]
[41.59632, 0]
[41.61289, 0]
[41.62946, 0]
[41.64603, 0]
[41.66259, 0]
[41.67916, 0]
[41.69572, 0]
[41.71229, 0]
[41.72886, 0]
[41.74543, 0]
[41.76199, 0]
[41.77856, 0]
[41.79871, 0]
[41.81527, 0]
[41.83184, 0]
[41.84841, 0]
[41.87242, 0]
[41.88898, 0]
[41.90562, 0]
[41.92212, 0]
[41.93869, 0]
[41.95525, 0]
[41.97182, 0]
[41.98838, 0]
[42.00495, 0]
[42.02152, 0]
[42.03809, 0]
[42.05465, 0]
[42.07122, 0]
[42.08779, 0]
[42.10435, 0]
[42.12092, 0]
[42.13749, 0]
[42.15405, 0]
[42.17062, 0]
[42.18719, 0]
[42.20375, 0]
[42.22032, 0]
[42.23689, 0]
[42.25345, 0]
[42.27002, 0]
[42.28659, 0]
[42.30315, 0]
[42.31972, 0]
[42.33628, 0]
[42.35285, 0]
[42.36942, 0]
[42.38599, 0]
[42.40255, 0]
[42.41912, 0]
[42.43568, 0]
[42.45225, 0]
[42.46882, 0]
[42.48539, 0]
[42.50195, 0]
[42.51852, 0]
[42.53508, 0]
[42.55165, 0]
[42.56822, 0]
[42.66631, 0]
[42.68287, 0]
[42.69944, 0]
[42.71601, 0]
[42.73257, 0]
[42.74914, 0]
[42.76571, 0]
[42.78227, 0]
[42.81202, 0]
[42.82859, 0]
[42.84552, 0]
[42.86209, 0]
[42.87865, 0]
[42.89523, 0]
[42.91642, 0]
[42.93299, 0]
[42.94955, 0]
[42.96612, 0]
[42.98269, 0]
[42.99926, 0]
[43.01582, 0]
[43.03239, 0]
[43.04895, 0]
[43.06552, 0]
[43.08209, 0]
[43.09866, 0]
[43.11522, 0]
[43.13179, 0]
[43.14836, 0]
[43.16492, 0]
[43.18149, 0]
[43.19806, 0]
[43.21462, 0]
[43.23119, 0]
[43.24776, 0]
[43.26432, 0]
[43.28089, 0]
[43.29745, 0]
[43.31402, 0]
[43.33059, 0]
[43.34716, 0]
[43.36372, 0]
[43.38029, 0]
[43.39685, 0]
[43.41342, 0]
[43.42999, 0]
[43.44656, 0]
[43.46312, 0]
[43.47969, 0]
[43.49625, 0]
[43.51282, 0]
[43.53273, 0]
[43.5493, 0]
[43.56587, 0]
[43.58244, 0]
[43.599, 0]
[43.61557, 0]
[43.63213, 0]
[43.6487, 0]
[43.66527, 0]
[43.68184, 0]
[43.6984, 0]
[43.71497, 0]
[43.73153, 0]
[43.7481, 0]
[43.76467, 0]
[43.78123, 0]
[43.7978, 0]
[43.82291, 0]
[43.91305, 0]
[43.92962, 0]
[43.94619, 0]
[43.96275, 0]
[43.97932, 0]
[43.99589, 0]
[44.01245, 0]
[44.02902, 0]
[44.02902, 2]
[44.04559, 0]
[44.06215, 0]
[44.07872, 0]
[44.09825, 0]
[44.11481, 0]
[44.13984, 0]
[44.16572, 0]
[44.19174, 0]
[44.21732, 0]
[44.23389, 0]
[44.25045, 0]
[44.26853, 0]
[44.2851, 0]
[44.30167, 0]
[44.31823, 0]
[44.3348, 0]
[44.35136, 0]
[44.36793, 0]
[44.3845, 0]
[44.40107, 0]
[44.49958, 0]
[44.51615, 0]
[44.53272, 0]
[44.54928, 0]
[44.56585, 0]
[44.58242, 0]
[44.59898, 0]
[44.61555, 0]
[44.63212, 0]
[44.64868, 0]
[44.66525, 0]
[44.68359, 0]
[44.70016, 0]
[44.71672, 0]
[44.73329, 0]
[44.73329, 2]
[44.74986, 0]
[44.76642, 0]
[44.78299, 0]
[44.79956, 0]
[44.81612, 0]
[44.84319, 0]
[44.85976, 0]
[44.89213, 0]
[44.9087, 0]
[44.94043, 0]
[44.957, 0]
[44.97356, 0]
[44.99039, 0]
[45.00696, 0]
[45.02353, 0]
[45.04009, 0]
[45.14077, 0]
[45.16235, 0]
[45.17892, 0]
[45.19548, 0]
[45.21205, 0]
[45.22861, 0]
[45.22861, 2]
[45.24518, 0]
[45.26175, 0]
[45.27832, 0]
[45.29488, 0]
[45.31145, 0]
[45.32802, 0]
[45.34459, 0]
[45.36115, 0]
[45.37978, 0]
[45.39428, 0]
[45.41085, 0]
[45.42742, 0]
[45.44398, 0]
[45.46055, 0]
[45.47712, 0]
[45.49368, 0]
[45.51025, 0]
[45.52682, 0]
[45.54338, 0]
[45.55995, 0]
[45.57652, 0]
[45.59308, 0]
[45.60965, 0]
[45.62622, 0]
[45.64278, 0]
[45.65935, 0]
[45.67592, 0]
[45.69248, 0]
[45.70905, 0]
[45.72562, 0]
[45.74218, 0]
[45.75875, 0]
[45.77532, 0]
[45.79189, 0]
[45.80845, 0]
[45.82502, 0]
[45.84158, 0]
[45.85815, 0]
[45.87472, 0]
[45.89128, 0]
[45.90785, 0]
[45.92442, 0]
[45.95627, 0]
[45.97284, 0]
[45.9894, 0]
[46.00597, 0]
[46.02254, 0]
[46.0391, 0]
[46.05567, 0]
[46.07224, 0]
[46.0888, 0]
[46.10537, 0]
[46.12194, 0]
[46.1385, 0]
[46.15507, 0]
[46.17163, 0]
[46.1882, 0]
[46.20477, 0]
[46.22134, 0]
[46.2379, 0]
[46.25447, 0]
[46.27103, 0]
[46.2876, 0]
[46.30417, 0]
[46.32074, 0]
[46.3373, 0]
[46.35387, 0]
[46.37044, 0]
[46.387, 0]
[46.40357, 0]
[46.42014, 0]
[46.4367, 0]
[46.45327, 0]
[46.47236, 0]
[46.4864, 0]
[46.50297, 0]
[46.51954, 0]
[46.5361, 0]
[46.55267, 0]
[46.56924, 0]
[46.5858, 0]
[46.60237, 0]
[46.61893, 0]
[46.63551, 0]
[46.65207, 0]
[46.66864, 0]
[46.6852, 0]
[46.70177, 0]
[46.71834, 0]
[46.7349, 0]
[46.75147, 0]
[46.76804, 0]
[46.7846, 0]
[46.80117, 0]
[46.81774, 0]
[46.8343, 0]
[46.85087, 0]
[46.86744, 0]
[46.884, 0]
[46.90057, 0]
[46.91714, 0]
[46.9337, 0]
[46.95027, 0]
[46.96684, 0]
[46.9834, 0]
[46.99997, 0]
[47.01654, 0]
[47.0331, 0]
[47.04967, 0]
[47.06623, 0]
[47.0828, 0]
[47.09937, 0]
[47.11594, 0]
[47.1325, 0]
[47.14907, 0]
[47.16563, 0]
[47.1822, 0]
[47.19877, 0]
[47.21534, 0]
[47.2319, 0]
[47.24847, 0]
[47.26504, 0]
[47.2816, 0]
[47.29817, 0]
[47.31474, 0]
[47.3313, 0]
[47.34787, 0]
[47.36444, 0]
[47.381, 0]
[47.39757, 0]
[47.41413, 0]
[47.4307, 0]
[47.44727, 0]
[47.46384, 0]
[47.4804, 0]
[47.49697, 0]
[47.51353, 0]
[47.5301, 0]
[47.54667, 0]
[47.56324, 0]
[47.57981, 0]
[47.59638, 0]
[47.61295, 0]
[47.62951, 0]
[47.64608, 0]
[47.66265, 0]
[47.67921, 0]
[47.69578, 0]
[47.71235, 0]
[47.72891, 0]
[47.74548, 0]
[47.76205, 0]
[47.77861, 0]
[47.79518, 0]
[47.81175, 0]
[47.82832, 0]
[47.84488, 0]
[47.86145, 0]
[47.87801, 0]
[47.89458, 0]
[47.91115, 0]
[47.95069, 0]
[47.96726, 0]
[48.02952, 0]
[48.04609, 0]
[48.06265, 0]
[48.07922, 0]
[48.09578, 0]
[48.11235, 0]
[48.12892, 0]
[48.14548, 0]
[48.16205, 0]
[48.17862, 0]
[48.19519, 0]
[48.21175, 0]
[48.22832, 0]
[48.24512, 0]
[48.26234, 0]
[48.27802, 0]
[48.29459, 0]
[48.31115, 0]
[48.33138, 0]
[48.35085, 0]
[48.36742, 0]
[48.38399, 0]
[48.40055, 0]
[48.41712, 0]
[48.43369, 0]
[48.45025, 0]
[48.46682, 0]
[48.48339, 0]
[48.49995, 0]
[48.51652, 0]
[48.53308, 0]
[48.54965, 0]
[48.56622, 0]
[48.58279, 0]
[48.59935, 0]
[48.61592, 0]
[48.63249, 0]
[48.64905, 0]
[48.66562, 0]
[48.68219, 0]
[48.69875, 0]
[48.71753, 0]
[48.73189, 0]
[48.74849, 0]
[48.76502, 0]
[48.78159, 0]
[48.79815, 0]
[48.82486, 0]
[48.8504, 0]
[48.86697, 0]
[48.88353, 0]
[48.97626, 0]
[49.10611, 0]
[49.12268, 0]
[49.13924, 0]
[49.15581, 0]
[49.17237, 0]
[49.18894, 0]
[49.20551, 0]
[49.22208, 0]
[49.3226, 0]
[49.33917, 0]
[49.35574, 0]
[49.3723, 0]
[49.38887, 0]
[49.40544, 0]
[49.422, 0]
[49.43857, 0]
[49.43857, 2]
[49.45514, 0]
[49.4717, 0]
[49.48827, 0]
[49.50484, 0]
[49.5214, 0]
[49.53797, 0]
[49.55453, 0]
[49.5711, 0]
[49.58767, 0]
[49.60424, 0]
[49.6208, 0]
[49.63737, 0]
[49.65393, 0]
[49.67104, 0]
[49.68761, 0]
[49.70418, 0]
[49.72075, 0]
[49.73731, 0]
[49.75388, 0]
[49.77044, 0]
[49.78701, 0]
[49.80358, 0]
[49.82014, 0]
[49.83671, 0]
[49.85328, 0]
[49.86985, 0]
[49.88641, 0]
[49.90298, 0]
[49.91954, 0]
[49.93611, 0]
[49.95268, 0]
[49.96925, 0]
[49.998, 0]
[50.01457, 0]
[50.03323, 0]
[50.04979, 0]
[50.07292, 0]
[50.08949, 0]
[50.10823, 0]
[50.1248, 0]
[50.18856, 0]
[50.20512, 0]
[50.22169, 0]
[50.23826, 0]
[50.25483, 0]
[50.27139, 0]
[50.28796, 0]
[50.30453, 0]
[50.32109, 0]
[50.33766, 0]
[50.35423, 0]
[50.37079, 0]
[50.38736, 0]
[50.40393, 0]
[50.42059, 0]
[50.43715, 0]
[50.45372, 0]
[50.47029, 0]
[50.48685, 0]
[50.50342, 0]
[50.51999, 0]
[50.53655, 0]
[50.55312, 0]
[50.56969, 0]
[50.58625, 0]
[50.60282, 0]
[50.61938, 0]
[50.63595, 0]
[50.65252, 0]
[50.66909, 0]
[50.68565, 0]
[50.70222, 0]
[50.71878, 0]
[50.73535, 0]
[50.75192, 0]
[50.75192, 2]
[50.76849, 0]
[50.78505, 0]
[50.80183, 0]
[50.81818, 0]
[50.83475, 0]
[50.85132, 0]
[50.86789, 0]
[50.88445, 0]
[50.90102, 0]
[50.91758, 0]
[50.94225, 0]
[50.95881, 0]
[50.97538, 0]
[50.99195, 0]
[51.02204, 0]
[51.03861, 0]
[51.05999, 0]
[51.07656, 0]
[51.09606, 0]
[51.11263, 0]
[51.13263, 0]
[51.1492, 0]
[51.16577, 0]
[51.18233, 0]
[51.24078, 0]
[51.25734, 0]
[51.27391, 0]
[51.29048, 0]
[51.30704, 0]
[51.32361, 0]
[51.34018, 0]
[51.35674, 0]
[51.37331, 0]
[51.38988, 0]
[51.40644, 0]
[51.42301, 0]
[51.43958, 0]
[51.45614, 0]
[51.47646, 0]
[51.49424, 0]
[51.50959, 0]
[51.52616, 0]
[51.54273, 0]
[51.5593, 0]
[51.57586, 0]
[51.59243, 0]
[51.60899, 0]
[51.62556, 0]
[51.64213, 0]
[51.6587, 0]
[51.67526, 0]
[51.69183, 0]
[51.7084, 0]
[51.72496, 0]
[51.74153, 0]
[51.75809, 0]
[51.77466, 0]
[51.79123, 0]
[51.8078, 0]
[51.82436, 0]
[51.84093, 0]
[51.85749, 0]
[51.87417, 0]
[51.89063, 0]
[51.9072, 0]
[51.92376, 0]
[51.94033, 0]
[51.95689, 0]
[51.97346, 0]
[51.99003, 0]
[52.0066, 0]
[52.0259, 0]
[52.04247, 0]
[52.05964, 0]
[52.07621, 0]
[52.09505, 0]
[52.11161, 0]
[52.13595, 0]
[52.15252, 0]
[52.16908, 0]
[52.18565, 0]
[52.20222, 0]
[52.21878, 0]
[52.23535, 0]
[52.25191, 0]
[52.26848, 0]
[52.28505, 0]
[52.30162, 0]
[52.31818, 0]
[52.33475, 0]
[52.36093, 0]
[52.37749, 0]
[52.39406, 0]
[52.41063, 0]
[52.4272, 0]
[52.44376, 0]
[52.46033, 0]
[52.47689, 0]
[52.49346, 0]
[52.51003, 0]
[52.5266, 0]
[52.54316, 0]
[52.55973, 0]
[52.57629, 0]
[52.59286, 0]
[52.60943, 0]
[52.626, 0]
[52.64256, 0]
[52.65913, 0]
[52.6757, 0]
[52.69226, 0]
[52.70883, 0]
[52.7254, 0]
[52.74196, 0]
[52.75853, 0]
[52.77947, 0]
[52.79166, 0]
[52.80823, 0]
[52.83176, 0]
[52.84833, 0]
[52.8649, 0]
[52.88147, 0]
[52.89803, 0]
[52.9146, 0]
[52.93116, 0]
[52.94773, 0]
[52.9643, 0]
[52.98087, 0]
[52.99743, 0]
[53.014, 0]
[53.03056, 0]
[53.04715, 0]
[53.0637, 0]
[53.08027, 0]
[53.09683, 0]
[53.11655, 0]
[53.13312, 0]
[53.14968, 0]
[53.16625, 0]
[53.18296, 0]
[53.19954, 0]
[53.2161, 0]
[53.23267, 0]
[53.25901, 0]
[53.27558, 0]
[53.29215, 0]
[53.30872, 0]
[53.32528, 0]
[53.34185, 0]
[53.35841, 0]
[53.37498, 0]
[53.39155, 0]
[53.40812, 0]
[53.42468, 0]
[53.44125, 0]
[53.45781, 0]
[53.47438, 0]
[53.49095, 0]
[53.50751, 0]
[53.52408, 0]
[53.54065, 0]
[53.55722, 0]
[53.57378, 0]
[53.59035, 0]
[53.60691, 0]
[53.62348, 0]
[53.64005, 0]
[53.65662, 0]
[53.67318, 0]
[53.68975, 0]
[53.70705, 0]
[53.72288, 0]
[53.73945, 0]
[53.75602, 0]
[53.77258, 0]
[53.78915, 0]
[53.80571, 0]
[53.82228, 0]
[53.83885, 0]
[53.85542, 0]
[53.87198, 0]
[53.88855, 0]
[53.90511, 0]
[53.92168, 0]
[53.93825, 0]
[53.95481, 0]
[53.97138, 0]
[53.98795, 0]
[54.00452, 0]
[54.02108, 0]
[54.03765, 0]
[54.05421, 0]
[54.07078, 0]
[54.08735, 0]
[54.10392, 0]
[54.12048, 0]
[54.13705, 0]
[54.16572, 0]
[54.18303, 0]
[54.1996, 0]
[54.23363, 0]
[54.2502, 0]
[54.28405, 0]
[54.30062, 0]
[54.31719, 0]
[54.33376, 0]
[54.35032, 0]
[54.36689, 0]
[54.38346, 0]
[54.40002, 0]
[54.41659, 0]
[54.43316, 0]
[54.44972, 0]
[54.46629, 0]
[54.48286, 0]
[54.49942, 0]
[54.51599, 0]
[54.53256, 0]
[54.54912, 0]
[54.56586, 0]
[54.58226, 0]
[54.59882, 0]
[54.61539, 0]
[54.63196, 0]
[54.64853, 0]
[54.66509, 0]
[54.68166, 0]
[54.69822, 0]
[54.71479, 0]
[54.73136, 0]
[54.74792, 0]
[54.76449, 0]
[54.78106, 0]
[54.79762, 0]
[54.81419, 0]
[54.83076, 0]
[54.84732, 0]
[54.86389, 0]
[54.88046, 0]
[54.89702, 0]
[54.91359, 0]
[54.93016, 0]
[54.94672, 0]
[54.96395, 0]
[54.98111, 0]
[54.99708, 0]
[55.01365, 0]
[55.03022, 0]
[55.04678, 0]
[55.06335, 0]
[55.07992, 0]
[55.09648, 0]
[55.11305, 0]
[55.12963, 0]
[55.14618, 0]
[55.17881, 0]
[55.19538, 0]
[55.21747, 0]
[55.23404, 0]
[55.25631, 0]
[55.27288, 0]
[55.29657, 0]
[55.31313, 0]
[55.3297, 0]
[55.34627, 0]
[55.36283, 0]
[55.3794, 0]
[55.39597, 0]
[55.41254, 0]
[55.4291, 0]
[55.44567, 0]
[55.46223, 0]
[55.4788, 0]
[55.49537, 0]
[55.51194, 0]
[55.5285, 0]
[55.54507, 0]
[55.56163, 0]
[55.5782, 0]
[55.59477, 0]
[55.61134, 0]
[55.6279, 0]
[55.64447, 0]
[55.66104, 0]
[55.6776, 0]
[55.69417, 0]
[55.71074, 0]
[55.7273, 0]
[55.74387, 0]
[55.76044, 0]
[55.777, 0]
[55.79357, 0]
[55.81014, 0]
[55.8267, 0]
[55.84327, 0]
[55.85984, 0]
[55.8764, 0]
[55.89297, 0]
[55.90953, 0]
[55.9261, 0]
[55.94267, 0]
[55.95924, 0]
[55.9758, 0]
[55.99237, 0]
[56.00893, 0]
[56.0255, 0]
[56.04207, 0]
[56.05864, 0]
[56.0752, 0]
[56.09177, 0]
[56.10833, 0]
[56.1249, 0]
[56.14147, 0]
[56.15804, 0]
[56.1746, 0]
[56.21571, 0]
[56.23228, 0]
[56.24885, 0]
[56.26542, 0]
[56.29272, 0]
[56.30929, 0]
[56.32586, 0]
[56.34242, 0]
[56.35899, 0]
[56.38004, 0]
[56.39212, 0]
[56.40869, 0]
[56.42526, 0]
[56.44182, 0]
[56.45839, 0]
[56.47496, 0]
[56.49152, 0]
[56.50809, 0]
[56.52466, 0]
[56.54122, 0]
[56.55779, 0]
[56.57436, 0]
[56.59092, 0]
[56.60749, 0]
[56.62406, 0]
[56.64063, 0]
[56.65719, 0]
[56.67376, 0]
[56.7188, 0]
[56.73537, 0]
[56.75194, 0]
[56.7685, 0]
[56.7857, 0]
[56.80164, 0]
[56.8182, 0]
[56.83477, 0]
[56.85134, 0]
[56.8679, 0]
[56.88447, 0]
[56.90104, 0]
[56.9176, 0]
[56.9371, 0]
[56.95367, 0]
[56.97024, 0]
[56.9868, 0]
[57.00336, 0]
[57.01993, 0]
[57.01993, 2]
[57.0365, 0]
[57.05307, 0]
[57.06963, 0]
[57.0862, 0]
[57.10276, 0]
[57.11933, 0]
[57.1359, 0]
[57.15247, 0]
[57.16903, 0]
[57.1856, 0]
[57.20216, 0]
[57.21873, 0]
[57.2353, 0]
[57.25187, 0]
[57.26843, 0]
[57.285, 0]
[57.30156, 0]
[57.32198, 0]
[57.33854, 0]
[57.35511, 0]
[57.37168, 0]
[57.38824, 0]
[57.40481, 0]
[57.42138, 0]
[57.43794, 0]
[57.45451, 0]
[57.47108, 0]
[57.49043, 0]
[57.51033, 0]
[57.5269, 0]
[57.5461, 0]
[57.56341, 0]
[57.57923, 0]
[57.5958, 0]
[57.61237, 0]
[57.62893, 0]
[57.64785, 0]
[57.66713, 0]
[57.6837, 0]
[57.70296, 0]
[57.71953, 0]
[57.7361, 0]
[57.75267, 0]
[57.76923, 0]
[57.7858, 0]
[57.80236, 0]
[57.81893, 0]
[57.8355, 0]
[57.85207, 0]
[57.86863, 0]
[57.8852, 0]
[57.90176, 0]
[57.92051, 0]
[57.9349, 0]
[57.95147, 0]
[57.96803, 0]
[57.9846, 0]
[58.00117, 0]
[58.01773, 0]
[58.0343, 0]
[58.05087, 0]
[58.06743, 0]
[58.084, 0]
[58.10057, 0]
[58.11713, 0]
[58.1337, 0]
[58.15026, 0]
[58.16683, 0]
[58.1841, 0]
[58.19997, 0]
[58.22577, 0]
[58.24233, 0]
[58.2659, 0]
[58.28247, 0]
[58.29903, 0]
[58.3156, 0]
[58.33216, 0]
[58.34873, 0]
[58.3653, 0]
[58.38187, 0]
[58.39843, 0]
[58.415, 0]
[58.43156, 0]
[58.44813, 0]
[58.4647, 0]
[58.48127, 0]
[58.49783, 0]
[58.5144, 0]
[58.53098, 0]
[58.54753, 0]
[58.5641, 0]
[58.58067, 0]
[58.59723, 0]
[58.6138, 0]
[58.63037, 0]
[58.64693, 0]
[58.6635, 0]
[58.68007, 0]
[58.69663, 0]
[58.7132, 0]
[58.72977, 0]
[58.74633, 0]
[58.7629, 0]
[58.77946, 0]
[58.79603, 0]
[58.8126, 0]
[58.82917, 0]
[58.84573, 0]
[58.8623, 0]
[58.87886, 0]
[58.89543, 0]
[58.912, 0]
[58.92857, 0]
[58.94513, 0]
[58.9617, 0]
[58.97826, 0]
[58.99483, 0]
[59.0114, 0]
[59.02797, 0]
[59.04453, 0]
[59.0611, 0]
[59.07767, 0]
[59.1073, 0]
[59.12387, 0]
[59.14044, 0]
[59.16474, 0]
[59.18131, 0]
[59.19787, 0]
[59.23263, 0]
[59.2492, 0]
[59.27994, 0]
[59.29651, 0]
[59.32785, 0]
[59.34442, 0]
[59.45862, 0]
[59.47519, 0]
[59.49176, 0]
[59.50832, 0]
[59.52489, 0]
[59.54146, 0]
[59.55802, 0]
[59.57459, 0]
[59.59116, 0]
[59.60772, 0]
[59.62429, 0]
[59.64086, 0]
[59.65742, 0]
[59.67399, 0]
[59.69056, 0]
[59.70712, 0]
[59.72369, 0]
[59.74026, 0]
[59.75682, 0]
[59.77339, 0]
[59.78996, 0]
[59.80652, 0]
[59.82309, 0]
[59.83966, 0]
[59.85622, 0]
[59.87279, 0]
[59.88935, 0]
[59.90592, 0]
[59.92249, 0]
[59.93906, 0]
[59.95562, 0]
[59.97219, 0]
[59.98876, 0]
[60.00533, 0]
[60.02189, 0]
[60.03846, 0]
[60.05502, 0]
[60.07159, 0]
[60.08816, 0]
[60.10472, 0]
[60.12129, 0]
[60.13786, 0]
[60.17324, 0]
[60.18981, 0]
[60.22229, 0]
[60.26001, 0]
[60.30078, 0]
[60.31734, 0]
[60.34524, 0]
[60.36181, 0]
[60.38191, 0]
[60.39848, 0]
[60.41505, 0]
[60.43161, 0]
[60.44818, 0]
[60.46474, 0]
[60.48131, 0]
[60.49788, 0]
[60.51445, 0]
[60.53101, 0]
[60.54758, 0]
[60.56415, 0]
[60.58072, 0]
[60.59728, 0]
[60.61385, 0]
[60.63041, 0]
[60.64698, 0]
[60.66355, 0]
[60.68011, 0]
[60.69668, 0]
[60.71325, 0]
[60.72981, 0]
[60.74638, 0]
[60.76295, 0]
[60.77951, 0]
[60.79608, 0]
[60.81264, 0]
[60.82921, 0]
[60.84578, 0]
[60.86304, 0]
[60.87891, 0]
[60.89548, 0]
[60.91205, 0]
[60.92861, 0]
[60.94518, 0]
[60.96175, 0]
[60.97831, 0]
[60.99488, 0]
[61.01145, 0]
[61.02802, 0]
[61.04458, 0]
[61.06115, 0]
[61.07771, 0]
[61.09428, 0]
[61.11085, 0]
[61.12741, 0]
[61.16619, 0]
[61.18277, 0]
[61.21026, 0]
[61.22683, 0]
[61.2577, 0]
[61.27427, 0]
[61.30131, 0]
[61.31788, 0]
[61.36457, 0]
[61.38114, 0]
[61.39771, 0]
[61.41427, 0]
[61.43084, 0]
[61.4474, 0]
[61.46397, 0]
[61.48054, 0]
[61.49767, 0]
[61.51424, 0]
[61.53081, 0]
[61.54738, 0]
[61.56394, 0]
[61.58051, 0]
[61.59827, 0]
[61.61483, 0]
[61.6314, 0]
[61.64797, 0]
[61.66454, 0]
[61.6811, 0]
[61.69767, 0]
[61.71424, 0]
[61.7308, 0]
[61.74737, 0]
[61.76394, 0]
[61.7805, 0]
[61.79707, 0]
[61.81364, 0]
[61.8302, 0]
[61.84677, 0]
[61.86333, 0]
[61.8799, 0]
[61.89647, 0]
[61.91304, 0]
[61.9296, 0]
[61.94617, 0]
[61.96273, 0]
[61.9793, 0]
[61.99587, 0]
[62.01244, 0]
[62.029, 0]
[62.04557, 0]
[62.06214, 0]
[62.0787, 0]
[62.09527, 0]
[62.11184, 0]
[62.11184, 2]
[62.12859, 0]
[62.14497, 0]
[62.16154, 0]
[62.1781, 0]
[62.19467, 0]
[62.21124, 0]
[62.2278, 0]
[62.24437, 0]
[62.26094, 0]
[62.2775, 0]
[62.29407, 0]
[62.32664, 0]
[62.36294, 0]
[62.39939, 0]
[62.41596, 0]
[62.43252, 0]
[62.44909, 0]
[62.46566, 0]
[62.48222, 0]
[62.49879, 0]
[62.51536, 0]
[62.53192, 0]
[62.54849, 0]
[62.56506, 0]
[62.58162, 0]
[62.59819, 0]
[62.61476, 0]
[62.63132, 0]
[62.64789, 0]
[62.66446, 0]
[62.68102, 0]
[62.69759, 0]
[62.71416, 0]
[62.73072, 0]
[62.75861, 0]
[62.77518, 0]
[62.79174, 0]
[62.80831, 0]
[62.83278, 0]
[62.84934, 0]
[62.86591, 0]
[62.88248, 0]
[62.89904, 0]
[62.91561, 0]
[62.93218, 0]
[62.94875, 0]
[62.96531, 0]
[62.98188, 0]
[62.99844, 0]
[63.01501, 0]
[63.03158, 0]
[63.04815, 0]
[63.06471, 0]
[63.09485, 0]
[63.11311, 0]
[63.12968, 0]
[63.14625, 0]
[63.16282, 0]
[63.17938, 0]
[63.19595, 0]
[63.21251, 0]
[63.22908, 0]
[63.24565, 0]
[63.32276, 0]
[63.34093, 0]
[63.35749, 0]
[63.37406, 0]
[63.39063, 0]
[63.43542, 0]
[63.45199, 0]
[63.46855, 0]
[63.48512, 0]
[63.50169, 0]
[63.51825, 0]
[63.53482, 0]
[63.55139, 0]
[63.56795, 0]
[63.59212, 0]
[63.60869, 0]
[63.62526, 0]
[63.64183, 0]
[63.65839, 0]
[63.69822, 0]
[63.71478, 0]
[63.75187, 0]
[63.76942, 0]
[63.79321, 0]
[63.82756, 0]
[63.86259, 0]
[63.882, 0]
[63.90011, 0]
[63.93729, 0]
[63.95386, 0]
[63.97043, 0]
[63.987, 0]
[64.00356, 0]
[64.02013, 0]
[64.0367, 0]
[64.05326, 0]
[64.06983, 0]
[64.0864, 0]
[64.10297, 0]
[64.11953, 0]
[64.13609, 0]
[64.17032, 0]
[64.18689, 0]
[64.21722, 0]
[64.2338, 0]
[64.2639, 0]
[64.28047, 0]
[64.31065, 0]
[64.37832, 0]
[64.39489, 0]
[64.41145, 0]
[64.42802, 0]
[64.44459, 0]
[64.46116, 0]
[64.47772, 0]
[64.49429, 0]
[64.51086, 0]
[64.52742, 0]
[64.54399, 0]
[64.56055, 0]
[64.57713, 0]
[64.59369, 0]
[64.59369, 2]
[64.61026, 0]
[64.62682, 0]
[64.64861, 0]
[64.67214, 0]
[64.68871, 0]
[64.70528, 0]
[64.72185, 0]
[64.73841, 0]
[64.75498, 0]
[64.79275, 0]
[64.80932, 0]
[64.82588, 0]
[64.84245, 0]
[64.85902, 0]
[64.87558, 0]
[64.89215, 0]
[64.90871, 0]
[64.92528, 0]
[64.94185, 0]
[64.95841, 0]
[64.97498, 0]
[64.99155, 0]
[65.00812, 0]
[65.02468, 0]
[65.04124, 0]
[65.05782, 0]
[65.07438, 0]
[65.09095, 0]
[65.10751, 0]
[65.12408, 0]
[65.14065, 0]
[65.15721, 0]
[65.17378, 0]
[65.19035, 0]
[65.20692, 0]
[65.23209, 0]
[65.24865, 0]
[65.26522, 0]
[65.28178, 0]
[65.32202, 0]
[65.35393, 0]
[65.3705, 0]
[65.46707, 0]
[65.507, 0]
[65.52357, 0]
[65.54014, 0]
[65.55671, 0]
[65.57327, 0]
[65.58984, 0]
[65.60641, 0]
[65.62297, 0]
[65.63954, 0]
[65.65611, 0]
[65.6972, 0]
[65.6972, 2]
[65.71377, 0]
[65.73034, 0]
[65.7469, 0]
[65.76347, 0]
[65.78004, 0]
[65.7966, 0]
[65.81317, 0]
[65.82973, 1]
[65.84631, 1]
[65.86287, 1]
[65.87943, 1]
[65.896, 1]
[65.91257, 1]
[65.92914, 1]
[65.9457, 0]
[65.96227, 0]
[65.97884, 0]
[65.99541, 0]
[66.01197, 0]
[66.02853, 0]
[66.0451, 0]
[66.06167, 0]
[66.07824, 0]
[66.0948, 0]
[66.11137, 0]
[66.12794, 0]
[66.1445, 0]
[66.16107, 0]
[66.17764, 0]
[66.19421, 0]
[66.21077, 0]
[66.24138, 0]
[66.24138, 2]
[66.25794, 0]
[66.27451, 0]
[66.29108, 0]
[66.30765, 0]
[66.34604, 0]
[66.38904, 0]
[66.4056, 0]
[66.44358, 0]
[66.46015, 0]
[66.52927, 0]
[66.54583, 0]
[66.56241, 0]
[66.57896, 0]
[66.59553, 0]
[66.6121, 0]
[66.62866, 0]
[66.64523, 0]
[66.6618, 0]
[66.67837, 0]
[66.69493, 0]
[66.71149, 0]
[66.72807, 0]
[66.74463, 0]
[66.7612, 0]
[66.77776, 0]
[66.79433, 0]
[66.8109, 0]
[66.82746, 0]
[66.84403, 0]
[66.8606, 0]
[66.87717, 0]
[66.89373, 0]
[66.9103, 0]
[66.92686, 0]
[66.94343, 0]
[66.96, 0]
[66.97659, 0]
[66.99313, 0]
[67.0097, 0]
[67.02627, 0]
[67.04283, 0]
[67.05939, 0]
[67.07597, 0]
[67.09253, 0]
[67.1091, 0]
[67.12566, 0]
[67.14223, 0]
[67.1588, 0]
[67.17536, 0]
[67.19193, 0]
[67.2085, 0]
[67.22507, 0]
[67.24163, 0]
[67.25819, 0]
[67.27477, 0]
[67.29133, 0]
[67.3079, 0]
[67.32446, 0]
[67.34103, 0]
[67.3576, 0]
[67.37416, 0]
[67.39073, 0]
[67.42796, 0]
[67.44453, 0]
[67.48173, 0]
[67.4983, 0]
[67.60348, 0]
[67.62005, 0]
[67.63661, 0]
[67.65318, 0]
[67.66975, 0]
[67.68631, 0]
[67.70288, 0]
[67.71944, 0]
[67.73602, 0]
[67.75258, 0]
[67.76914, 0]
[67.78603, 0]
[67.80228, 0]
[67.81885, 0]
[67.83541, 0]
[67.85198, 0]
[67.86855, 0]
[67.88511, 0]
[67.90168, 0]
[67.91824, 0]
[67.93481, 0]
[67.95138, 0]
[67.96795, 0]
[67.96795, 2]
[67.98451, 0]
[68.00108, 0]
[68.02801, 0]
[68.04458, 0]
[68.06114, 0]
[68.07771, 0]
[68.09428, 0]
[68.11085, 0]
[68.12741, 0]
[68.14398, 0]
[68.16068, 0]
[68.17711, 0]
[68.19369, 0]
[68.21024, 0]
[68.22681, 0]
[68.24338, 0]
[68.25994, 0]
[68.27651, 0]
[68.29308, 0]
[68.30965, 0]
[68.33785, 0]
[68.35442, 0]
[68.39329, 0]
[68.40986, 0]
[68.44771, 0]
[68.46427, 0]
[68.50908, 0]
[68.52781, 0]
[68.54438, 0]
[68.56094, 0]
[68.67277, 0]
[68.73405, 0]
[68.75062, 0]
[68.76775, 0]
[68.78431, 0]
[68.80088, 0]
[68.81744, 0]
[68.83401, 0]
[68.85058, 0]
[68.86714, 0]
[68.88371, 0]
[68.90028, 0]
[68.91685, 0]
[68.93341, 0]
[68.93341, 2]
[68.94998, 0]
[68.96655, 0]
[68.98311, 0]
[68.99968, 0]
[69.01624, 0]
[69.03281, 0]
[69.04938, 0]
[69.06595, 0]
[69.08251, 0]
[69.09908, 0]
[69.11568, 0]
[69.13251, 0]
[69.14907, 0]
[69.16564, 0]
[69.18221, 0]
[69.19878, 0]
[69.21534, 0]
[69.2319, 0]
[69.24847, 0]
[69.26504, 0]
[69.28161, 0]
[69.29817, 0]
[69.31474, 0]
[69.33131, 0]
[69.37436, 0]
[69.39093, 0]
[69.43207, 0]
[69.44863, 0]
[69.47803, 0]
[69.49461, 0]
[69.53189, 0]
[69.54845, 0]
[69.57672, 0]
[69.59329, 0]
[69.62701, 0]
[69.65415, 0]
[69.67072, 0]
[69.68729, 0]
[69.70385, 0]
[69.72042, 0]
[69.73698, 0]
[69.75356, 0]
[69.77012, 0]
[69.78669, 0]
[69.80325, 0]
[69.81982, 0]
[69.83639, 0]
[69.85295, 0]
[69.86952, 0]
[69.86952, 2]
[69.88609, 0]
[69.90265, 0]
[69.92111, 0]
[69.93768, 0]
[69.95425, 0]
[69.97082, 0]
[69.98738, 0]
[70.00395, 0]
[70.02052, 0]
[70.03708, 0]
[70.05365, 0]
[70.07021, 0]
[70.10294, 0]
[70.11951, 0]
[70.13607, 0]
[70.15264, 0]
[70.1692, 0]
[70.18578, 0]
[70.20234, 0]
[70.2189, 0]
[70.23547, 0]
[70.25204, 0]
[70.26861, 0]
[70.28517, 0]
[70.30174, 0]
[70.31831, 0]
[70.33487, 0]
[70.35144, 0]
[70.39, 0]
[70.40657, 0]
[70.43911, 0]
[70.45567, 0]
[70.48918, 0]
[70.50575, 0]
[70.52232, 0]
[70.55269, 0]
[70.56925, 0]
[70.58582, 0]
[70.60239, 0]
[70.61896, 0]
[70.63552, 0]
[70.65209, 0]
[70.66866, 0]
[70.68522, 0]
[70.70179, 0]
[70.71835, 0]
[70.73492, 0]
[70.75149, 0]
[70.76806, 0]
[70.78462, 0]
[70.80119, 0]
[70.81776, 0]
[70.83432, 0]
[70.85089, 0]
[70.86745, 0]
[70.88402, 0]
[70.90059, 0]
[70.91715, 0]
[70.93372, 0]
[70.95029, 0]
[70.96686, 0]
[70.98342, 0]
[70.99999, 0]
[71.01656, 0]
[71.10678, 0]
[71.12335, 0]
[71.13992, 0]
[71.15649, 0]
[71.17305, 0]
[71.18963, 0]
[71.20618, 0]
[71.22275, 0]
[71.23932, 0]
[71.25588, 0]
[71.28562, 0]
[71.30219, 0]
[71.31876, 0]
[71.33533, 0]
[71.35189, 0]
[71.36846, 0]
[71.38615, 0]
[71.40272, 0]
[71.41928, 0]
[71.43585, 0]
[71.45242, 0]
[71.46899, 0]
[71.48555, 0]
[71.50212, 0]
[71.51868, 0]
[71.53525, 0]
[71.55182, 0]
[71.56838, 0]
[71.58495, 0]
[71.60152, 0]
[71.61808, 0]
[71.63465, 0]
[71.65121, 0]
[71.66779, 0]
[71.68435, 0]
[71.70092, 0]
[71.71748, 0]
[71.73405, 0]
[71.75062, 0]
[71.76718, 0]
[71.78989, 0]
[71.80646, 0]
[71.82303, 0]
[71.83959, 0]
[71.85616, 0]
[71.87273, 0]
[71.88929, 0]
[71.90586, 0]
[71.92242, 0]
[71.939, 0]
[71.95556, 0]
[71.97212, 0]
[71.98869, 0]
[72.00526, 0]
[72.02183, 0]
[72.03839, 0]
[72.05496, 0]
[72.07729, 0]
[72.09386, 0]
[72.11042, 0]
[72.12698, 0]
[72.16369, 0]
[72.18026, 0]
[72.20828, 0]
[72.22485, 0]
[72.26313, 0]
[72.2797, 0]
[72.29626, 0]
[72.31283, 0]
[72.32941, 0]
[72.34596, 0]
[72.36253, 0]
[72.36253, 2]
[72.3791, 0]
[72.39567, 0]
[72.41223, 0]
[72.4288, 0]
[72.44537, 0]
[72.46193, 0]
[72.4785, 0]
[72.49506, 0]
[72.51163, 0]
[72.5282, 0]
[72.54476, 0]
[72.56133, 0]
[72.5779, 0]
[72.59447, 0]
[72.61103, 0]
[72.6276, 0]
[72.64417, 0]
[72.66073, 0]
[72.6773, 0]
[72.69386, 0]
[72.71043, 0]
[72.727, 0]
[72.74357, 0]
[72.76013, 0]
[72.7767, 0]
[72.79327, 0]
[72.80983, 0]
[72.8264, 0]
[72.84296, 0]
[72.85954, 0]
[72.8761, 0]
[72.89266, 0]
[72.90923, 0]
[72.9258, 0]
[72.94237, 0]
[72.95893, 0]
[72.9755, 0]
[72.99207, 0]
[73.00863, 0]
[73.05637, 0]
[73.07293, 0]
[73.12885, 0]
[73.14542, 0]
[73.16199, 0]
[73.17855, 0]
[73.19512, 0]
[73.21169, 0]
[73.22825, 0]
[73.26042, 0]
[73.3069, 0]
[73.32769, 0]
[73.37151, 0]
[73.38985, 0]
[73.41528, 0]
[73.46386, 0]
[73.48043, 0]
[73.4988, 0]
[73.51537, 0]
[73.53194, 0]
[73.5485, 0]
[73.56507, 0]
[73.58163, 0]
[73.59821, 0]
[73.62011, 0]
[73.63521, 0]
[73.65178, 0]
[73.66834, 0]
[73.68491, 0]
[73.70148, 0]
[73.71805, 0]
[73.73461, 0]
[73.75117, 0]
[73.76775, 0]
[73.78431, 0]
[73.80088, 0]
[73.81744, 0]
[73.84985, 0]
[73.86712, 0]
[73.88369, 0]
[73.90025, 0]
[73.91682, 0]
[73.93339, 0]
[73.94996, 0]
[73.96652, 0]
[73.98309, 0]
[73.99966, 0]
[74.01622, 0]
[74.03516, 0]
[74.05172, 0]
[74.06829, 0]
[74.08485, 0]
[74.10143, 0]
[74.11799, 0]
[74.13456, 0]
[74.15112, 0]
[74.16769, 0]
[74.18426, 0]
[74.20082, 0]
[74.21739, 0]
[74.23396, 0]
[74.27074, 0]
[74.28732, 0]
[74.32501, 0]
[74.34158, 0]
[74.36696, 0]
[74.38352, 0]
[74.40732, 0]
[74.42389, 0]
[74.4621, 0]
[74.47867, 0]
[74.49523, 0]
[74.5118, 0]
[74.52837, 0]
[74.54494, 0]
[74.5615, 0]
[74.57806, 0]
[74.59464, 0]
[74.6112, 0]
[74.62777, 0]
[74.64433, 0]
[74.6609, 0]
[74.67747, 0]
[74.69404, 0]
[74.7106, 0]
[74.72717, 0]
[74.74374, 0]
[74.7603, 0]
[74.77687, 0]
[74.79343, 0]
[74.81001, 0]
[74.82657, 0]
[74.84313, 0]
[74.8597, 0]
[74.87627, 0]
[74.89284, 0]
[74.9094, 0]
[74.92597, 0]
[74.94254, 0]
[74.9591, 0]
[74.97567, 0]
[74.99223, 0]
[75.0088, 0]
[75.02537, 0]
[75.04193, 0]
[75.0585, 0]
[75.0756, 0]
[75.09164, 0]
[75.1082, 0]
[75.12477, 0]
[75.14133, 0]
[75.1579, 0]
[75.17447, 0]
[75.19103, 0]
[75.2076, 0]
[75.22417, 0]
[75.24625, 0]
[75.26283, 0]
[75.27939, 0]
[75.29596, 0]
[75.31252, 0]
[75.35005, 0]
[75.36662, 0]
[75.40224, 0]
[75.43805, 0]
[75.45462, 0]
[75.48579, 0]
[75.50236, 0]
[75.54089, 0]
[75.55746, 0]
[75.5798, 0]
[75.59637, 0]
[75.61294, 0]
[75.62951, 0]
[75.64607, 0]
[75.66264, 0]
[75.67921, 0]
[75.69577, 0]
[75.71234, 0]
[75.7289, 0]
[75.74548, 0]
[75.76204, 0]
[75.76204, 2]
[75.7786, 0]
[75.79517, 0]
[75.81174, 0]
[75.82831, 0]
[75.84487, 0]
[75.86144, 0]
[75.87801, 0]
[75.89457, 0]
[75.91114, 0]
[75.9277, 0]
[75.94427, 0]
[75.96084, 0]
[75.97741, 0]
[75.99397, 0]
[76.01054, 0]
[76.02711, 0]
[76.04367, 0]
[76.06024, 0]
[76.07681, 0]
[76.09338, 0]
[76.10994, 0]
[76.1265, 0]
[76.14307, 0]
[76.15964, 0]
[76.17621, 0]
[76.19277, 0]
[76.20934, 0]
[76.22591, 0]
[76.24247, 0]
[76.25904, 0]
[76.2756, 0]
[76.29218, 0]
[76.30874, 0]
[76.32531, 0]
[76.34187, 0]
[76.35844, 0]
[76.37501, 0]
[76.39157, 0]
[76.40814, 0]
[76.44691, 0]
[76.46349, 0]
[76.50061, 0]
[76.51718, 0]
[76.55232, 0]
[76.59466, 0]
[76.61123, 0]
[76.62779, 0]
[76.64521, 0]
[76.66178, 0]
[76.67834, 0]
[76.69495, 0]
[76.71148, 0]
[76.71148, 2]
[76.72805, 0]
[76.74461, 0]
[76.76118, 0]
[76.77775, 0]
[76.79431, 0]
[76.81088, 0]
[76.82745, 0]
[76.84402, 0]
[76.86058, 0]
[76.87715, 0]
[76.89371, 0]
[76.91028, 0]
[76.92685, 0]
[76.94341, 0]
[76.95998, 0]
[76.97655, 0]
[76.99311, 0]
[77.00968, 0]
[77.02625, 0]
[77.04282, 0]
[77.05939, 0]
[77.07595, 0]
[77.09251, 0]
[77.10908, 0]
[77.12565, 0]
[77.14221, 0]
[77.15878, 0]
[77.17535, 0]
[77.19192, 0]
[77.20848, 0]
[77.22504, 0]
[77.24162, 0]
[77.25818, 0]
[77.27475, 0]
[77.29131, 0]
[77.30788, 0]
[77.40136, 0]
[77.41792, 0]
[77.46389, 0]
[77.49754, 0]
[77.5162, 0]
[77.53276, 0]
[77.58047, 0]
[77.59704, 0]
[77.6136, 0]
[77.63017, 0]
[77.64674, 0]
[77.6633, 0]
[77.67987, 0]
[77.69643, 0]
[77.71301, 0]
[77.72957, 0]
[77.74614, 0]
[77.7627, 0]
[77.77927, 0]
[77.77927, 2]
[77.79584, 0]
[77.8124, 0]
[77.82897, 0]
[77.84554, 0]
[77.86211, 0]
[77.87867, 0]
[77.89523, 0]
[77.9118, 0]
[77.92837, 0]
[77.94494, 0]
[77.9615, 0]
[77.97807, 0]
[77.99464, 0]
[78.0112, 0]
[78.02777, 0]
[78.04433, 0]
[78.06091, 0]
[78.07747, 0]
[78.09404, 0]
[78.1106, 0]
[78.12717, 0]
[78.14374, 0]
[78.1603, 0]
[78.17687, 0]
[78.19344, 0]
[78.21011, 0]
[78.22657, 0]
[78.24313, 0]
[78.2597, 0]
[78.27627, 0]
[78.29284, 0]
[78.3094, 0]
[78.32597, 0]
[78.34254, 0]
[78.3591, 0]
[78.37567, 0]
[78.39223, 0]
[78.40881, 0]
[78.47575, 0]
[78.49232, 0]
[78.53479, 0]
[78.55136, 0]
[78.5923, 0]
[78.60886, 0]
[78.62546, 0]
[78.642, 0]
[78.65857, 0]
[78.67513, 0]
[78.6917, 0]
[78.71062, 0]
[78.72719, 0]
[78.74376, 0]
[78.76032, 0]
[78.77689, 0]
[78.79346, 0]
[78.81002, 0]
[78.82659, 0]
[78.84315, 0]
[78.85973, 0]
[78.87629, 0]
[78.89286, 0]
[78.90942, 0]
[78.92599, 0]
[78.94256, 0]
[78.95912, 0]
[78.97569, 0]
[78.99226, 0]
[79.00883, 0]
[79.02539, 0]
[79.04196, 0]
[79.05853, 0]
[79.07568, 0]
[79.09225, 0]
[79.10881, 0]
[79.12538, 0]
[79.14194, 0]
[79.15852, 0]
[79.17508, 0]
[79.19165, 0]
[79.20821, 0]
[79.22478, 0]
[79.24135, 0]
[79.25791, 0]
[79.27448, 0]
[79.29105, 0]
[79.30762, 0]
[79.32418, 0]
[79.34074, 0]
[79.35732, 0]
[79.37388, 0]
[79.39045, 0]
[79.40701, 0]
[79.42358, 0]
[79.44273, 0]
[79.4593, 0]
[79.47586, 0]
[79.50323, 0]
[79.51979, 0]
[79.53636, 0]
[79.55293, 0]
[79.5695, 0]
[79.58606, 0]
[79.60263, 0]
[79.61919, 0]
[79.63576, 0]
[79.65233, 0]
[79.66889, 0]
[79.68546, 0]
[79.70203, 0]
[79.71859, 0]
[79.73516, 0]
[79.75172, 0]
[79.7683, 0]
[79.78486, 0]
[79.80143, 0]
[79.81799, 0]
[79.83456, 0]
[79.85113, 0]
[79.86769, 0]
[79.88644, 0]
[79.90302, 0]
[79.91958, 0]
[79.93614, 0]
[79.95271, 0]
[79.96928, 0]
[79.98585, 0]
[80.00241, 0]
[80.01898, 0]
[80.03555, 0]
[80.05211, 0]
[80.06868, 0]
[80.08524, 0]
[80.10181, 0]
[80.11838, 0]
[80.13495, 0]
[80.15229, 0]
[80.16808, 0]
[80.18465, 0]
[80.20121, 0]
[80.21778, 0]
[80.23434, 0]
[80.25332, 0]
[80.26989, 0]
[80.28645, 0]
[80.30302, 0]
[80.31959, 0]
[80.33616, 0]
[80.35272, 0]
[80.36938, 0]
[80.38596, 0]
[80.4267, 0]
[80.44328, 0]
[80.4864, 0]
[80.50297, 0]
[80.54273, 0]
[80.5593, 0]
[80.65326, 0]
[80.70229, 0]
[80.71886, 0]
[80.73542, 0]
[80.75199, 0]
[80.76855, 0]
[80.78513, 0]
[80.80169, 0]
[80.81826, 0]
[80.83482, 0]
[80.85389, 0]
[80.87046, 0]
[80.87046, 2]
[80.88702, 0]
[80.90359, 0]
[80.92016, 0]
[80.93672, 0]
[80.95329, 0]
[80.96986, 0]
[80.98642, 0]
[81.00299, 0]
[81.01957, 0]
[81.03613, 0]
[81.05269, 0]
[81.06925, 0]
[81.08582, 0]
[81.10239, 0]
[81.11896, 0]
[81.13552, 0]
[81.15209, 0]
[81.16866, 0]
[81.18522, 0]
[81.20179, 0]
[81.21985, 0]
[81.23641, 0]
[81.25298, 0]
[81.26955, 0]
[81.28612, 0]
[81.30268, 0]
[81.31924, 0]
[81.33582, 0]
[81.35238, 0]
[81.36895, 0]
[81.38551, 0]
[81.40208, 0]
[81.41865, 0]
[81.47056, 0]
[81.48712, 0]
[81.50369, 0]
[81.56256, 0]
[81.58343, 0]
[81.6, 0]
[81.61656, 0]
[81.65017, 0]
[81.66673, 0]
[81.6833, 0]
[81.69987, 0]
[81.71644, 0]
[81.733, 0]
[81.75699, 0]
[81.77381, 0]
[81.79636, 0]
[81.82911, 0]
[81.84567, 0]
[81.86224, 0]
[81.87881, 0]
[81.89538, 0]
[81.91194, 0]
[81.92851, 0]
[81.94508, 0]
[81.96164, 0]
[81.97821, 0]
[81.99477, 0]
[82.01134, 0]
[82.02791, 0]
[82.04447, 0]
[82.06104, 0]
[82.07761, 0]
[82.09418, 0]
[82.11074, 0]
[82.12731, 0]
[82.14655, 0]
[82.16312, 0]
[82.17969, 0]
[82.19626, 0]
[82.21282, 0]
[82.22939, 0]
[82.24596, 0]
[82.26252, 0]
[82.27909, 0]
[82.29565, 0]
[82.31223, 0]
[82.32879, 0]
[82.34535, 0]
[82.36192, 0]
[82.37849, 0]
[82.39506, 0]
[82.41162, 0]
[82.42819, 0]
[82.44728, 0]
[82.46568, 0]
[82.48225, 0]
[82.49882, 0]
[82.52097, 0]
[82.5378, 0]
[82.55613, 0]
[82.57278, 0]
[82.58935, 0]
[82.60592, 0]
[82.62248, 0]
[82.65602, 0]
[82.69951, 0]
[82.71607, 0]
[82.74776, 0]
[82.80025, 0]
[82.81934, 0]
[82.83646, 0]
[82.85303, 0]
[82.87509, 0]
[82.92387, 0]
[82.97347, 0]
[82.99004, 0]
[83.00661, 0]
[83.02317, 0]
[83.03974, 0]
[83.05874, 0]
[83.07726, 0]
[83.0976, 0]
[83.11417, 0]
[83.13303, 0]
[83.15018, 0]
[83.16676, 0]
[83.18332, 0]
[83.20075, 0]
[83.22066, 0]
[83.23723, 0]
[83.25379, 0]
[83.27036, 0]
[83.28693, 0]
[83.3035, 0]
[83.32006, 0]
[83.33662, 0]
[83.3532, 0]
[83.36976, 0]
[83.38633, 0]
[83.40289, 0]
[83.41946, 0]
[83.43603, 0]
[83.45301, 0]
[83.48008, 0]
[83.49665, 0]
[83.51321, 0]
[83.52979, 0]
[83.54635, 0]
[83.56292, 0]
[83.57948, 0]
[83.59605, 0]
[83.61262, 0]
[83.62918, 0]
[83.64575, 0]
[83.66232, 0]
[83.67888, 0]
[83.69545, 0]
[83.71201, 0]
[83.7653, 0]
[83.78397, 0]
[83.80054, 0]
[83.81711, 0]
[83.83368, 0]
[83.88525, 0]
[83.96358, 0]
[83.98015, 0]
[83.99672, 0]
[84.01328, 0]
[84.02985, 0]
[84.04642, 0]
[84.06298, 0]
[84.07955, 0]
[84.09612, 0]
[84.11269, 0]
[84.12926, 0]
[84.14581, 0]
[84.16238, 0]
[84.17895, 0]
[84.19552, 0]
[84.21208, 0]
[84.22865, 0]
[84.24522, 0]
[84.26226, 0]
[84.27835, 0]
[84.29491, 0]
[84.31149, 0]
[84.32805, 0]
[84.34462, 0]
[84.36202, 0]
[84.37859, 0]
[84.39516, 0]
[84.41172, 0]
[84.42829, 0]
[84.44485, 0]
[84.46143, 0]
[84.47799, 0]
[84.49455, 0]
[84.51112, 0]
[84.52769, 0]
[84.65971, 0]
[84.67628, 0]
[84.69285, 0]
[84.70941, 0]
[84.72598, 0]
[84.74255, 0]
[84.75911, 0]
[84.77568, 0]
[84.79224, 0]
[84.80882, 0]
[84.82538, 0]
[84.84524, 0]
[84.8618, 0]
[84.87837, 0]
[84.89494, 0]
[84.91151, 0]
[84.92807, 0]
[84.94463, 0]
[85.04478, 0]
[85.06135, 0]
[85.07791, 0]
[85.09448, 0]
[85.11105, 0]
[85.12761, 0]
[85.14418, 0]
[85.16074, 0]
[85.17731, 0]
[85.19388, 0]
[85.21045, 0]
[85.22701, 0]
[85.24358, 0]
[85.26015, 0]
[85.27671, 0]
[85.29328, 0]
[85.30984, 0]
[85.32641, 0]
[85.34298, 0]
[85.35954, 0]
[85.37611, 0]
[85.39268, 0]
[85.40925, 0]
[85.42581, 0]
[85.44238, 0]
[85.45895, 0]
[85.47551, 0]
[85.49208, 0]
[85.50864, 0]
[85.52522, 0]
[85.54178, 0]
[85.55835, 0]
[85.57491, 0]
[85.59148, 0]
[85.60805, 0]
[85.63029, 0]
[85.65395, 0]
[85.67052, 0]
[85.68726, 0]
[85.70366, 0]
[85.72022, 0]
[85.73679, 0]
[85.75336, 0]
[85.76992, 0]
[85.78649, 0]
[85.80305, 0]
[85.81963, 0]
[85.86238, 0]
[85.87895, 0]
[85.92348, 0]
[85.94006, 0]
[85.95662, 0]
[86.00174, 0]
[86.11878, 0]
[86.14222, 0]
[86.15878, 0]
[86.17535, 0]
[86.19192, 0]
[86.20849, 0]
[86.22505, 0]
[86.24162, 0]
[86.25819, 0]
[86.27476, 0]
[86.29132, 0]
[86.30788, 0]
[86.32446, 0]
[86.34102, 0]
[86.35759, 0]
[86.37415, 0]
[86.37415, 2]
[86.39072, 0]
[86.40729, 0]
[86.42385, 0]
[86.44042, 0]
[86.45699, 0]
[86.47356, 0]
[86.49012, 0]
[86.50669, 0]
[86.52325, 0]
[86.53982, 0]
[86.55639, 0]
[86.57295, 0]
[86.58952, 0]
[86.60609, 0]
[86.62265, 0]
[86.6479, 0]
[86.67888, 0]
[86.69545, 0]
[86.69545, 2]
[86.71666, 0]
[86.73323, 0]
[86.74979, 0]
[86.76636, 0]
[86.78293, 0]
[86.79949, 0]
[86.81606, 0]
[86.83263, 0]
[86.86263, 0]
[86.8792, 0]
[86.89577, 0]
[86.91233, 0]
[86.9289, 0]
[86.94547, 0]
[86.96204, 0]
[86.9786, 0]
[86.99517, 0]
[87.0267, 0]
[87.04327, 0]
[87.05983, 0]
[87.0764, 0]
[87.09296, 0]
[87.10954, 0]
[87.1261, 0]
[87.14267, 0]
[87.15923, 0]
[87.1758, 0]
[87.19237, 0]
[87.20893, 0]
[87.25656, 0]
[87.26716, 0]
[87.28373, 0]
[87.30029, 0]
[87.31686, 0]
[87.33343, 0]
[87.35, 0]
[87.36662, 0]
[87.38313, 0]
[87.3997, 0]
[87.41626, 0]
[87.43283, 0]
[87.44939, 0]
[87.46597, 0]
[87.48253, 0]
[87.49909, 0]
[87.51566, 0]
[87.53223, 0]
[87.5488, 0]
[87.56536, 0]
[87.58193, 0]
[87.5985, 0]
[87.61507, 0]
[87.63163, 0]
[87.64819, 0]
[87.66476, 0]
[87.68133, 0]
[87.6979, 0]
[87.71468, 0]
[87.73547, 0]
[87.75387, 0]
[87.77128, 0]
[87.78785, 0]
[87.80441, 0]
[87.82098, 0]
[87.83755, 0]
[87.85411, 0]
[87.87068, 0]
[87.88725, 0]
[87.90382, 0]
[87.92038, 0]
[87.93694, 0]
[87.95351, 0]
[87.99808, 0]
[88.01465, 0]
[88.04516, 0]
[88.06173, 0]
[88.10635, 0]
[88.12291, 0]
[88.13948, 0]
[88.15604, 0]
[88.17262, 0]
[88.18923, 0]
[88.2058, 0]
[88.22237, 0]
[88.23893, 0]
[88.2555, 0]
[88.27206, 0]
[88.28864, 0]
[88.3052, 0]
[88.32177, 0]
[88.33833, 0]
[88.3549, 0]
[88.37147, 0]
[88.38999, 0]
[88.4046, 0]
[88.42117, 0]
[88.43774, 0]
[88.4543, 0]
[88.47086, 0]
[88.48743, 0]
[88.504, 0]
[88.52057, 0]
[88.53713, 0]
[88.5537, 0]
[88.57027, 0]
[88.58683, 0]
[88.6034, 0]
[88.61996, 0]
[88.63654, 0]
[88.6531, 0]
[88.66967, 0]
[88.68623, 0]
[88.7028, 0]
[88.71937, 0]
[88.73593, 0]
[88.7525, 0]
[88.76907, 0]
[88.78564, 0]
[88.8022, 0]
[88.81876, 0]
[88.83533, 0]
[88.8519, 0]
[88.86847, 0]
[88.88503, 0]
[88.9016, 0]
[88.91817, 0]
[88.93473, 0]
[88.9513, 0]
[88.99876, 0]
[89.01534, 0]
[89.06081, 0]
[89.07738, 0]
[89.12552, 0]
[89.19821, 0]
[89.21478, 0]
[89.23135, 0]
[89.24792, 0]
[89.26448, 0]
[89.28105, 0]
[89.29762, 0]
[89.31419, 0]
[89.33085, 0]
[89.34732, 0]
[89.36388, 0]
[89.38045, 0]
[89.39702, 0]
[89.41358, 0]
[89.43015, 0]
[89.44672, 0]
[89.46328, 0]
[89.47985, 0]
[89.49641, 0]
[89.51299, 0]
[89.52955, 0]
[89.54612, 0]
[89.56268, 0]
[89.57925, 0]
[89.59582, 0]
[89.61238, 0]
[89.62895, 0]
[89.75618, 0]
[89.77274, 0]
[89.78931, 0]
[89.80588, 0]
[89.82245, 0]
[89.83901, 0]
[89.85558, 0]
[89.87215, 0]
[89.90681, 0]
[89.92339, 0]
[89.93995, 0]
[89.95651, 0]
[89.97308, 0]
[89.98965, 0]
[90.00622, 0]
[90.03036, 0]
[90.04694, 0]
[90.0635, 0]
[90.08007, 0]
[90.09676, 0]
[90.11332, 0]
[90.15501, 0]
[90.17159, 0]
[90.2142, 0]
[90.24461, 0]
[90.26117, 0]
[90.27774, 0]
[90.2943, 0]
[90.31087, 0]
[90.32744, 0]
[90.344, 0]
[90.36057, 0]
[90.36057, 2]
[90.37714, 0]
[90.39371, 0]
[90.41027, 0]
[90.42684, 0]
[90.44341, 0]
[90.45997, 0]
[90.47654, 0]
[90.4931, 0]
[90.50967, 0]
[90.52624, 0]
[90.54281, 0]
[90.55937, 0]
[90.57594, 0]
[90.59251, 0]
[90.60907, 0]
[90.62564, 0]
[90.6422, 0]
[90.65878, 0]
[90.67534, 0]
[90.6919, 0]
[90.70847, 0]
[90.72504, 0]
[90.74161, 0]
[90.75817, 0]
[90.77474, 0]
[90.79131, 0]
[90.80787, 0]
[90.82444, 0]
[90.841, 0]
[90.85757, 0]
[90.87417, 0]
[90.89071, 0]
[90.90727, 0]
[90.92384, 0]
[90.94041, 0]
[90.95697, 0]
[90.97746, 0]
[90.99403, 0]
[91.0106, 0]
[91.02716, 0]
[91.04373, 0]
[91.08314, 0]
[91.0997, 0]
[91.13739, 0]
[91.15396, 0]
[91.17654, 0]
[91.19311, 0]
[91.20967, 0]
[91.25131, 0]
[91.26788, 0]
[91.28445, 0]
[91.30102, 0]
[91.31758, 0]
[91.33414, 0]
[91.35072, 0]
[91.36728, 0]
[91.38385, 0]
[91.40041, 0]
[91.41698, 0]
[91.41698, 2]
[91.43355, 0]
[91.45011, 0]
[91.46668, 0]
[91.48325, 0]
[91.49982, 0]
[91.51638, 0]
[91.53295, 0]
[91.54951, 0]
[91.56608, 0]
[91.58265, 0]
[91.59921, 0]
[91.61578, 0]
[91.63235, 0]
[91.64891, 0]
[91.66548, 0]
[91.68204, 0]
[91.69862, 0]
[91.71518, 0]
[91.73175, 0]
[91.74831, 0]
[91.76488, 0]
[91.78145, 0]
[91.79801, 0]
[91.81458, 0]
[91.83115, 0]
[91.84772, 0]
[91.86428, 0]
[91.88085, 0]
[91.89742, 0]
[91.91398, 0]
[91.93055, 0]
[91.94711, 0]
[91.96368, 0]
[91.98025, 0]
[91.99682, 0]
[92.01338, 0]
[92.02995, 0]
[92.04652, 0]
[92.06308, 0]
[92.07965, 0]
[92.12496, 0]
[92.14153, 0]
[92.18172, 0]
[92.19829, 0]
[92.2374, 0]
[92.25397, 0]
[92.27053, 0]
[92.28709, 0]
[92.30367, 0]
[92.32023, 0]
[92.3368, 0]
[92.35336, 0]
[92.36993, 0]
[92.3865, 0]
[92.40306, 0]
[92.41963, 0]
[92.4362, 0]
[92.45277, 0]
[92.46933, 0]
[92.4859, 0]
[92.50246, 0]
[92.51903, 0]
[92.5356, 0]
[92.55216, 0]
[92.56873, 0]
[92.5853, 0]
[92.60188, 0]
[92.61843, 0]
[92.63499, 0]
[92.65157, 0]
[92.66813, 0]
[92.70168, 0]
[92.71824, 0]
[92.73481, 0]
[92.75137, 0]
[92.76794, 0]
[92.78451, 0]
[92.80107, 0]
[92.81764, 0]
[92.83421, 0]
[92.85078, 0]
[92.86734, 0]
[92.88391, 0]
[92.90047, 0]
[92.91704, 0]
[92.93361, 0]
[92.95017, 0]
[92.96732, 0]
[92.98331, 0]
[92.99988, 0]
[93.01644, 0]
[93.033, 0]
[93.04958, 0]
[93.06614, 0]
[93.08271, 0]
[93.1292, 0]
[93.14577, 0]
[93.18649, 0]
[93.20306, 0]
[93.2497, 0]
[93.26627, 0]
[93.28648, 0]
[93.30305, 0]
[93.31961, 0]
[93.33618, 0]
[93.35275, 0]
[93.36931, 0]
[93.38588, 0]
[93.38588, 2]
[93.40244, 0]
[93.41901, 0]
[93.43558, 0]
[93.45215, 0]
[93.46871, 0]
[93.48528, 0]
[93.50185, 0]
[93.51841, 0]
[93.53498, 0]
[93.55154, 0]
[93.56812, 0]
[93.58468, 0]
[93.60124, 0]
[93.61781, 0]
[93.63438, 0]
[93.65095, 0]
[93.66751, 0]
[93.68408, 0]
[93.70065, 0]
[93.71721, 0]
[93.73378, 0]
[93.75034, 0]
[93.76691, 0]
[93.78348, 0]
[93.80005, 0]
[93.81661, 0]
[93.83318, 0]
[93.84975, 0]
[93.86631, 0]
[93.88288, 0]
[93.89944, 0]
[93.91602, 0]
[93.93258, 0]
[93.94914, 0]
[93.96571, 0]
[93.98228, 0]
[93.98228, 2]
[93.99885, 0]
[94.01541, 0]
[94.03198, 0]
[94.04855, 0]
[94.06511, 0]
[94.08168, 0]
[94.09824, 0]
[94.11481, 0]
[94.1601, 0]
[94.17667, 0]
[94.2221, 0]
[94.23866, 0]
[94.28085, 0]
[94.29741, 0]
[94.31398, 0]
[94.33054, 0]
[94.34711, 0]
[94.36368, 0]
[94.38025, 0]
[94.39681, 0]
[94.41338, 0]
[94.42995, 0]
[94.44651, 0]
[94.46308, 0]
[94.47964, 0]
[94.49622, 0]
[94.49622, 2]
[94.51278, 0]
[94.52934, 0]
[94.54591, 0]
[94.56248, 0]
[94.57905, 0]
[94.59561, 0]
[94.61218, 0]
[94.62875, 0]
[94.64531, 0]
[94.66188, 0]
[94.67844, 0]
[94.69501, 0]
[94.71158, 0]
[94.72815, 0]
[94.74471, 0]
[94.76128, 0]
[94.77785, 0]
[94.80005, 0]
[94.81098, 0]
[94.82755, 0]
[94.84411, 0]
[94.86068, 0]
[94.87724, 0]
[94.89381, 0]
[94.91038, 0]
[94.92695, 0]
[94.94351, 0]
[94.96008, 0]
[94.97665, 0]
[94.99321, 0]
[95.00978, 0]
[95.02634, 0]
[95.04292, 0]
[95.05948, 0]
[95.07605, 0]
[95.09261, 0]
[95.10918, 0]
[95.12575, 0]
[95.15845, 0]
[95.18256, 0]
[95.19913, 0]
[95.23798, 0]
[95.25454, 0]
[95.27636, 0]
[95.29293, 0]
[95.30949, 0]
[95.32607, 0]
[95.34263, 0]
[95.35919, 0]
[95.37576, 0]
[95.39233, 0]
[95.4089, 0]
[95.42546, 0]
[95.44203, 0]
[95.4586, 0]
[95.47516, 0]
[95.49173, 0]
[95.50829, 0]
[95.52486, 0]
[95.54143, 0]
[95.55804, 0]
[95.57456, 0]
[95.59113, 0]
[95.6077, 0]
[95.62426, 0]
[95.64083, 0]
[95.65739, 0]
[95.67397, 0]
[95.69053, 0]
[95.70709, 0]
[95.72366, 0]
[95.74023, 0]
[95.7568, 0]
[95.77336, 0]
[95.78993, 0]
[95.8065, 0]
[95.82306, 0]
[95.83963, 0]
[95.85619, 0]
[95.87276, 0]
[95.88933, 0]
[95.90589, 0]
[95.92246, 0]
[95.93903, 0]
[95.9556, 0]
[95.97216, 0]
[95.98873, 0]
[96.00529, 0]
[96.02187, 0]
[96.03843, 0]
[96.05499, 0]
[96.07999, 0]
[96.09656, 0]
[96.11313, 0]
[96.12969, 0]
[96.14626, 0]
[96.19471, 0]
[96.21128, 0]
[96.25835, 0]
[96.27492, 0]
[96.31786, 0]
[96.33443, 0]
[96.351, 0]
[96.36756, 0]
[96.38413, 0]
[96.4007, 0]
[96.41727, 0]
[96.43383, 0]
[96.45039, 0]
[96.46696, 0]
[96.48353, 0]
[96.5001, 0]
[96.5001, 2]
[96.51666, 0]
[96.53323, 0]
[96.5498, 0]
[96.56636, 0]
[96.58293, 0]
[96.59949, 0]
[96.61607, 0]
[96.63263, 0]
[96.6492, 0]
[96.66576, 0]
[96.68233, 0]
[96.6989, 0]
[96.71546, 0]
[96.73203, 0]
[96.7486, 0]
[96.76517, 0]
[96.78173, 0]
[96.79829, 0]
[96.81487, 0]
[96.83143, 0]
[96.848, 0]
[96.86456, 0]
[96.88113, 0]
[96.89964, 0]
[96.91621, 0]
[96.93278, 0]
[96.94935, 0]
[96.96591, 0]
[96.98248, 0]
[96.99905, 0]
[97.01562, 0]
[97.03218, 0]
[97.04874, 0]
[97.06532, 0]
[97.08188, 0]
[97.09845, 0]
[97.11501, 0]
[97.13158, 0]
[97.14815, 0]
[97.2049, 0]
[97.22147, 0]
[97.2607, 0]
[97.27728, 0]
[97.31503, 0]
[97.3316, 0]
[97.35545, 0]
[97.37202, 0]
[97.38858, 0]
[97.40515, 0]
[97.42171, 0]
[97.43828, 0]
[97.45485, 0]
[97.47141, 0]
[97.48798, 0]
[97.50524, 0]
[97.52181, 0]
[97.53838, 0]
[97.55495, 0]
[97.57151, 0]
[97.58808, 0]
[97.60464, 0]
[97.62121, 0]
[97.63778, 0]
[97.65434, 0]
[97.67091, 0]
[97.68748, 0]
[97.68748, 2]
[97.70405, 0]
[97.72061, 0]
[97.73717, 0]
[97.75375, 0]
[97.77031, 0]
[97.78688, 0]
[97.80701, 0]
[97.82358, 0]
[97.84018, 0]
[97.85671, 0]
[97.87328, 0]
[97.88984, 0]
[97.90641, 0]
[97.92297, 0]
[97.93954, 0]
[97.95611, 0]
[97.97267, 0]
[97.98924, 0]
[98.00581, 0]
[98.02238, 0]
[98.03894, 0]
[98.05551, 0]
[98.07207, 0]
[98.17781, 0]
[98.2046, 0]
[98.22117, 0]
[98.25804, 0]
[98.27461, 0]
[98.3147, 0]
[98.33127, 0]
[98.36815, 0]
[98.38471, 0]
[98.40128, 0]
[98.41785, 0]
[98.43442, 0]
[98.45098, 0]
[98.46755, 0]
[98.48412, 0]
[98.50068, 0]
[98.51725, 0]
[98.53381, 0]
[98.55038, 0]
[98.55038, 2]
[98.56695, 0]
[98.58352, 0]
[98.60008, 0]
[98.61715, 0]
[98.63322, 0]
[98.64978, 0]
[98.66635, 0]
[98.68291, 0]
[98.69949, 0]
[98.71605, 0]
[98.73261, 0]
[98.74918, 0]
[98.76575, 0]
[98.78232, 0]
[98.79888, 0]
[98.81544, 0]
[98.83202, 0]
[98.84858, 0]
[98.86515, 0]
[98.88171, 0]
[98.89828, 0]
[98.91485, 0]
[98.93141, 0]
[98.94798, 0]
[98.96455, 0]
[98.98112, 0]
[98.99768, 0]
[99.01425, 0]
[99.03082, 0]
[99.04738, 0]
[99.06395, 0]
[99.08051, 0]
[99.09708, 0]
[99.14516, 0]
[99.16173, 0]
[99.25447, 0]
[99.27104, 0]
[99.31281, 0]
[99.32938, 0]
[99.37383, 0]
[99.3904, 0]
[99.40697, 0]
[99.42354, 0]
[99.4401, 0]
[99.45667, 0]
[99.47324, 0]
[99.4898, 0]
[99.50637, 0]
[99.52293, 0]
[99.53951, 0]
[99.55607, 0]
[99.57263, 0]
[99.5892, 0]
[99.60577, 0]
[99.62234, 0]
[99.6389, 0]
[99.65547, 0]
[99.67204, 0]
[99.6886, 0]
[99.70517, 0]
[99.72173, 0]
[99.7383, 0]
[99.75487, 0]
[99.77144, 0]
[99.788, 0]
[99.80457, 0]
[99.82114, 0]
[99.8377, 0]
[99.85427, 0]
[99.87083, 0]
[99.88741, 0]
[99.90397, 0]
[99.92053, 0]
[99.9371, 0]
[99.95367, 0]
[99.97024, 0]
[99.9868, 0]
[100.0034, 0]
[100.0199, 0]
[100.0365, 0]
[100.0531, 0]
[100.0696, 0]
[100.0862, 0]
[100.1028, 0]
[100.1193, 0]
[100.1359, 0]
[100.1525, 0]
[100.169, 0]
[100.1856, 0]
[100.2064, 0]
[100.223, 0]
[100.2926, 0]
[100.3092, 0]
[100.3258, 0]
[100.377, 0]
[100.3936, 0]
[100.4102, 0]
[100.4268, 0]
[100.4433, 0]
[100.4599, 0]
[100.4764, 0]
[100.493, 0]
[100.5096, 0]
[100.5261, 0]
[100.5427, 0]
[100.5593, 0]
[100.5758, 0]
[100.5924, 0]
[100.609, 0]
[100.6255, 0]
[100.6421, 0]
[100.7114, 0]
[100.728, 0]
[100.7445, 0]
[100.7611, 0]
[100.7776, 0]
[100.7942, 0]
[100.8108, 0]
[100.8273, 0]
[100.8439, 0]
[100.8605, 0]
[100.877, 0]
[100.8936, 0]
[100.9102, 0]
[100.9268, 0]
[100.9433, 0]
[100.9599, 0]
[100.9764, 0]
[100.993, 0]
[101.0096, 0]
[101.0261, 0]
[101.0427, 0]
[101.0593, 0]
[101.0759, 0]
[101.0924, 0]
[101.109, 0]
[101.1255, 0]
[101.1421, 0]
[101.1587, 0]
[101.1752, 0]
[101.1918, 0]
[101.2084, 0]
[101.2651, 0]
[101.3615, 0]
[101.3781, 0]
[101.414, 0]
[101.4514, 0]
[101.468, 0]
[101.4845, 0]
[101.5011, 0]
[101.5177, 0]
[101.5342, 0]
[101.5508, 0]
[101.5674, 0]
[101.5839, 0]
[101.6005, 0]
[101.6171, 0]
[101.6336, 0]
[101.6502, 0]
[101.6668, 0]
[101.6833, 0]
[101.6999, 0]
[101.7165, 0]
[101.733, 0]
[101.7496, 0]
[101.7662, 0]
[101.7827, 0]
[101.7993, 0]
[101.8159, 0]
[101.8324, 0]
[101.849, 0]
[101.8656, 0]
[101.8821, 0]
[101.8987, 0]
[101.9153, 0]
[101.9318, 0]
[101.9484, 0]
[101.965, 0]
[101.9815, 0]
[101.9981, 0]
[102.0147, 0]
[102.0312, 0]
[102.0478, 0]
[102.0644, 0]
[102.0809, 0]
[102.0975, 0]
[102.1141, 0]
[102.1306, 0]
[102.1894, 0]
[102.2059, 0]
[102.2624, 0]
[102.2789, 0]
[102.3323, 0]
[102.3489, 0]
[102.4327, 0]
[102.4493, 0]
[102.4659, 0]
[102.4824, 0]
[102.499, 0]
[102.5156, 0]
[102.5321, 0]
[102.5487, 0]
[102.5653, 0]
[102.5653, 2]
[102.5818, 0]
[102.5984, 0]
[102.615, 0]
[102.6315, 0]
[102.6481, 0]
[102.6647, 0]
[102.6812, 0]
[102.6978, 0]
[102.7144, 0]
[102.7309, 0]
[102.7475, 0]
[102.7641, 0]
[102.7806, 0]
[102.7972, 0]
[102.8138, 0]
[102.8303, 0]
[102.8469, 0]
[102.8637, 0]
[102.88, 0]
[102.8966, 0]
[102.9132, 0]
[102.9297, 0]
[102.9463, 0]
[102.9629, 0]
[102.9794, 0]
[102.9961, 0]
[103.0126, 0]
[103.0291, 0]
[103.0457, 0]
[103.0623, 0]
[103.0788, 0]
[103.0954, 0]
[103.112, 0]
[103.1285, 0]
[103.1451, 0]
[103.1617, 0]
[103.1782, 0]
[103.1948, 0]
[103.2114, 0]
[103.2279, 0]
[103.2445, 0]
[103.2611, 0]
[103.2776, 0]
[103.2942, 0]
[103.3108, 0]
[103.3273, 0]
[103.3439, 0]
[103.3605, 0]
[103.377, 0]
[103.3936, 0]
[103.4102, 0]
[103.4267, 0]
[103.5022, 0]
[103.5188, 0]
[103.5354, 0]
[103.5536, 0]
[103.5702, 0]
[103.5867, 0]
[103.6033, 0]
[103.6199, 0]
[103.6364, 0]
[103.653, 0]
[103.6695, 0]
[103.6861, 0]
[103.7027, 0]
[103.7192, 0]
[103.7358, 0]
[103.7524, 0]
[103.769, 0]
[103.7855, 0]
[103.8021, 0]
[103.8361, 0]
[103.8527, 0]
[103.8692, 0]
[103.8858, 0]
[103.9024, 0]
[103.9192, 0]
[103.9355, 0]
[103.9546, 0]
[103.9712, 0]
[103.9878, 0]
[104.0043, 0]
[104.0209, 0]
[104.0375, 0]
[104.054, 0]
[104.0706, 0]
[104.0872, 0]
[104.1037, 0]
[104.1203, 0]
[104.1369, 0]
[104.1534, 0]
[104.17, 0]
[104.1866, 0]
[104.2031, 0]
[104.2197, 0]
[104.2363, 0]
[104.2528, 0]
[104.2785, 0]
[104.2951, 0]
[104.3117, 0]
[104.3282, 0]
[104.3448, 0]
[104.365, 0]
[104.3816, 0]
[104.3982, 0]
[104.4147, 0]
[104.4313, 0]
[104.4479, 0]
[104.5022, 0]
[104.5187, 0]
[104.5353, 0]
[104.5519, 0]
[104.5684, 0]
[104.585, 0]
[104.6016, 0]
[104.6181, 0]
[104.6347, 0]
[104.6513, 0]
[104.6678, 0]
[104.6844, 0]
[104.701, 0]
[104.7175, 0]
[104.7341, 0]
[104.7507, 0]
[104.7672, 0]
[104.7871, 0]
[104.8037, 0]
[104.8203, 0]
[104.8368, 0]
[104.8543, 0]
[104.8709, 0]
[104.8885, 0]
[104.904, 0]
[104.9206, 0]
[104.9372, 0]
[104.9372, 2]
[104.9537, 0]
[104.9703, 0]
[104.9869, 0]
[105.0034, 0]
[105.02, 0]
[105.0399, 0]
[105.0565, 0]
[105.0731, 0]
[105.0896, 0]
[105.1155, 0]
[105.1544, 0]
[105.1709, 0]
[105.1875, 0]
[105.2041, 0]
[105.2206, 0]
[105.2372, 0]
[105.2538, 0]
[105.2703, 0]
[105.2869, 0]
[105.3035, 0]
[105.3295, 0]
[105.3461, 0]
[105.3626, 0]
[105.3792, 0]
[105.3958, 0]
[105.4123, 0]
[105.4289, 0]
[105.4455, 0]
[105.462, 0]
[105.4786, 0]
[105.4952, 0]
[105.5117, 0]
[105.5283, 0]
[105.5449, 0]
[105.5614, 0]
[105.609, 0]
[105.6474, 0]
[105.664, 0]
[105.7125, 0]
[105.729, 0]
[105.7812, 0]
[105.7978, 0]
[105.8144, 0]
[105.8841, 0]
[105.9007, 0]
[105.9173, 0]
[105.9338, 0]
[105.9504, 0]
[105.9669, 0]
[105.9835, 0]
[106.0001, 0]
[106.0167, 0]
[106.0375, 0]
[106.0541, 0]
[106.0709, 0]
[106.0874, 0]
[106.104, 0]
[106.1206, 0]
[106.1371, 0]
[106.1537, 0]
[106.1703, 0]
[106.1868, 0]
[106.2034, 0]
[106.22, 0]
[106.2365, 0]
[106.2531, 0]
[106.2697, 0]
[106.2862, 0]
[106.3028, 0]
[106.3194, 0]
[106.3359, 0]
[106.3525, 0]
[106.3691, 0]
[106.3856, 0]
[106.4022, 0]
[106.4188, 0]
[106.4403, 0]
[106.4569, 0]
[106.4735, 0]
[106.49, 0]
[106.5066, 0]
[106.5232, 0]
[106.5397, 0]
[106.5579, 0]
[106.575, 0]
[106.5916, 0]
[106.6082, 0]
[106.6247, 0]
[106.6592, 0]
[106.6757, 0]
[106.6923, 0]
[106.7089, 0]
[106.7254, 0]
[106.742, 0]
[106.7586, 0]
[106.7751, 0]
[106.7917, 0]
[106.8083, 0]
[106.8323, 0]
[106.8489, 0]
[106.8654, 0]
[106.882, 0]
[106.9522, 0]
[106.9688, 0]
[106.9853, 0]
[107.0019, 0]
[107.0185, 0]
[107.035, 0]
[107.0516, 0]
[107.0682, 0]
[107.0847, 0]
[107.1013, 0]
[107.1179, 0]
[107.1353, 0]
[107.151, 0]
[107.1676, 0]
[107.1841, 0]
[107.2007, 0]
[107.2173, 0]
[107.2338, 0]
[107.2504, 0]
[107.2881, 0]
[107.3047, 0]
[107.3212, 0]
[107.3378, 0]
[107.3544, 0]
[107.3709, 0]
[107.3875, 0]
[107.4041, 0]
[107.4206, 0]
[107.4372, 0]
[107.4538, 0]
[107.4703, 0]
[107.4869, 0]
[107.4869, 2]
[107.5035, 0]
[107.5201, 0]
[107.5366, 0]
[107.5532, 0]
[107.5697, 0]
[107.5863, 0]
[107.6029, 0]
[107.6194, 0]
[107.636, 0]
[107.6526, 0]
[107.6691, 0]
[107.6857, 0]
[107.7041, 0]
[107.7207, 0]
[107.7372, 0]
[107.7538, 0]
[107.7704, 0]
[107.7869, 0]
[107.8035, 0]
[107.8201, 0]
[107.8366, 0]
[107.8532, 0]
[107.8698, 0]
[107.8863, 0]
[107.9029, 0]
[107.9564, 0]
[108.0306, 0]
[108.0471, 0]
[108.0637, 0]
[108.0803, 0]
[108.1034, 0]
[108.12, 0]
[108.1366, 0]
[108.1531, 0]
[108.1697, 0]
[108.1863, 0]
[108.2029, 0]
[108.2194, 0]
[108.236, 0]
[108.2525, 0]
[108.2691, 0]
[108.2857, 0]
[108.3022, 0]
[108.3188, 0]
[108.3354, 0]
[108.352, 0]
[108.3685, 0]
[108.3851, 0]
[108.4016, 0]
[108.4182, 0]
[108.4348, 0]
[108.4513, 0]
[108.4679, 0]
[108.4845, 0]
[108.501, 0]
[108.5183, 0]
[108.5348, 0]
[108.5523, 0]
[108.5687, 0]
[108.5863, 0]
[108.6065, 0]
[108.6249, 0]
[108.6415, 0]
[108.658, 0]
[108.6746, 0]
[108.6912, 0]
[108.7096, 0]
[108.7265, 0]
[108.7431, 0]
[108.7596, 0]
[108.7762, 0]
[108.793, 0]
[108.8107, 0]
[108.8273, 0]
[108.8506, 0]
[108.8735, 0]
[108.8902, 0]
[108.9098, 0]
[108.9264, 0]
[108.9429, 0]
[108.9601, 0]
[108.9767, 0]
[108.9932, 0]
[109.0107, 0]
[109.0273, 0]
[109.0439, 0]
[109.0604, 0]
[109.0804, 0]
[109.142, 0]
[109.1586, 0]
[109.1752, 0]
[109.1963, 0]
[109.2129, 0]
[109.2294, 0]
[109.246, 0]
[109.2626, 0]
[109.2791, 0]
[109.2957, 0]
[109.3122, 0]
[109.3288, 0]
[109.3454, 0]
[109.362, 0]
[109.3785, 0]
[109.3951, 0]
[109.4117, 0]
[109.4282, 0]
[109.4448, 0]
[109.4613, 0]
[109.4779, 0]
[109.4945, 0]
[109.5111, 0]
[109.5276, 0]
[109.5442, 0]
[109.5608, 0]
[109.5799, 0]
[109.597, 0]
[109.613, 0]
[109.6296, 0]
[109.6462, 0]
[109.6628, 0]
[109.6793, 0]
[109.6959, 0]
[109.7124, 0]
[109.729, 0]
[109.7456, 0]
[109.7621, 0]
[109.7787, 0]
[109.7953, 0]
[109.8118, 0]
[109.8284, 0]
[109.845, 0]
[109.8977, 0]
[109.9143, 0]
[109.9557, 0]
[109.9722, 0]
[110.0192, 0]
[110.0357, 0]
[110.0759, 0]
[110.0925, 0]
[110.1342, 0]
[110.1544, 0]
[110.1709, 0]
[110.1875, 0]
[110.2041, 0]
[110.2206, 0]
[110.2372, 0]
[110.2538, 0]
[110.2703, 0]
[110.288, 0]
[110.3035, 0]
[110.3035, 2]
[110.32, 0]
[110.3366, 0]
[110.3642, 0]
[110.3808, 0]
[110.3973, 0]
[110.4149, 0]
[110.4305, 0]
[110.447, 0]
[110.4636, 0]
[110.4802, 0]
[110.4967, 0]
[110.5133, 0]
[110.5299, 0]
[110.5495, 0]
[110.5661, 0]
[110.5826, 0]
[110.5992, 0]
[110.6158, 0]
[110.6323, 0]
[110.6489, 0]
[110.6655, 0]
[110.682, 0]
[110.7123, 0]
[110.7289, 0]
[110.7454, 0]
[110.762, 0]
[110.792, 0]
[110.8086, 0]
[110.8251, 0]
[110.8417, 0]
[110.8583, 0]
[110.8748, 0]
[110.8914, 0]
[110.908, 0]
[110.9245, 0]
[110.9411, 0]
[110.9594, 0]
[110.9759, 0]
[111.0329, 0]
[111.0495, 0]
[111.1001, 0]
[111.1167, 0]
[111.1332, 0]
[111.1799, 0]
[111.1964, 0]
[111.308, 0]
[111.3465, 0]
[111.3789, 0]
[111.3955, 0]
[111.4121, 0]
[111.4286, 0]
[111.4452, 0]
[111.4618, 0]
[111.4783, 0]
[111.4949, 0]
[111.5115, 0]
[111.528, 0]
[111.5446, 0]
[111.5612, 0]
[111.5779, 0]
[111.5944, 0]
[111.611, 0]
[111.6276, 0]
[111.6276, 2]
[111.6441, 0]
[111.6607, 0]
[111.6773, 0]
[111.6938, 0]
[111.7109, 0]
[111.727, 0]
[111.7435, 0]
[111.7601, 0]
[111.7767, 0]
[111.7932, 0]
[111.8098, 0]
[111.8264, 0]
[111.8429, 0]
[111.8595, 0]
[111.8761, 0]
[111.8926, 0]
[111.9092, 0]
[111.9258, 0]
[111.9455, 0]
[111.9621, 0]
[111.9787, 0]
[111.9952, 0]
[112.0118, 0]
[112.0284, 0]
[112.0449, 0]
[112.0615, 0]
[112.0781, 0]
[112.0946, 0]
[112.1112, 0]
[112.1278, 0]
[112.1443, 0]
[112.1609, 0]
[112.1775, 0]
[112.194, 0]
[112.2106, 0]
[112.2272, 0]
[112.2437, 0]
[112.2604, 0]
[112.2878, 0]
[112.3057, 0]
[112.3223, 0]
[112.3389, 0]
[112.3654, 0]
[112.382, 0]
[112.3986, 0]
[112.4151, 0]
[112.4317, 0]
[112.4482, 0]
[112.4648, 0]
[112.4814, 0]
[112.498, 0]
[112.5145, 0]
[112.5311, 0]
[112.5477, 0]
[112.5642, 0]
[112.5808, 0]
[112.5974, 0]
[112.6139, 0]
[112.6305, 0]
[112.647, 0]
[112.6636, 0]
[112.6802, 0]
[112.6968, 0]
[112.7133, 0]
[112.7359, 0]
[112.7525, 0]
[112.7691, 0]
[112.7856, 0]
[112.8022, 0]
[112.8187, 0]
[112.8353, 0]
[112.8519, 0]
[112.8685, 0]
[112.8856, 0]
[112.9016, 0]
[112.9182, 0]
[112.9347, 0]
[112.9513, 0]
[112.9678, 0]
[112.9844, 0]
[113.001, 0]
[113.0176, 0]
[113.0341, 0]
[113.0507, 0]
[113.0673, 0]
[113.0838, 0]
[113.1004, 0]
[113.117, 0]
[113.1335, 0]
[113.1501, 0]
[113.1666, 0]
[113.1832, 0]
[113.1998, 0]
[113.2164, 0]
[113.2329, 0]
[113.2495, 0]
[113.2661, 0]
[113.2826, 0]
[113.2992, 0]
[113.3158, 0]
[113.3323, 0]
[113.3489, 0]
[113.3655, 0]
[113.398, 0]
[113.4146, 0]
[113.4311, 0]
[113.4477, 0]
[113.4643, 0]
[113.4808, 0]
[113.4974, 0]
[113.514, 0]
[113.5305, 0]
[113.5471, 0]
[113.5637, 0]
[113.5802, 0]
[113.5968, 0]
[113.6134, 0]
[113.6299, 0]
[113.6465, 0]
[113.6631, 0]
[113.6796, 0]
[113.6962, 0]
[113.7128, 0]
[113.7293, 0]
[113.7459, 0]
[113.7625, 0]
[113.779, 0]
[113.7956, 0]
[113.8122, 0]
[113.8287, 0]
[113.8453, 0]
[113.8619, 0]
[113.8784, 0]
[113.895, 0]
[113.949, 0]
[113.9687, 0]
[113.9853, 0]
[114.0281, 0]
[114.0446, 0]
[114.0612, 0]
[114.0778, 0]
[114.0943, 0]
[114.1109, 0]
[114.1275, 0]
[114.144, 0]
[114.1606, 0]
[114.1772, 0]
[114.1937, 0]
[114.2103, 0]
[114.2269, 0]
[114.2434, 0]
[114.26, 0]
[114.2766, 0]
[114.2931, 0]
[114.3097, 0]
[114.3263, 0]
[114.3428, 0]
[114.3594, 0]
[114.376, 0]
[114.3925, 0]
[114.4091, 0]
[114.4257, 0]
[114.4422, 0]
[114.4588, 0]
[114.4754, 0]
[114.4919, 0]
[114.5085, 0]
[114.5251, 0]
[114.5416, 0]
[114.5582, 0]
[114.5748, 0]
[114.5913, 0]
[114.6079, 0]
[114.6245, 0]
[114.641, 0]
[114.6576, 0]
[114.6742, 0]
[114.6957, 0]
[114.7192, 0]
[114.7358, 0]
[114.7523, 0]
[114.7689, 0]
[114.7866, 0]
[114.8032, 0]
[114.8198, 0]
[114.8363, 0]
[114.8529, 0]
[114.8695, 0]
[114.886, 0]
[114.9026, 0]
[114.9247, 0]
[114.9482, 0]
[114.9706, 0]
[114.9916, 0]
[115.0141, 0]
[115.0307, 0]
[115.0668, 0]
[115.0834, 0]
[115.1, 0]
[115.1165, 0]
[115.1331, 0]
[115.1497, 0]
[115.1662, 0]
[115.1828, 0]
[115.1994, 0]
[115.216, 0]
[115.2325, 0]
[115.2491, 0]
[115.2656, 0]
[115.2822, 0]
[115.2988, 0]
[115.3153, 0]
[115.3319, 0]
[115.3485, 0]
[115.365, 0]
[115.3816, 0]
[115.3982, 0]
[115.4147, 0]
[115.4313, 0]
[115.4479, 0]
[115.4644, 0]
[115.4811, 0]
[115.4976, 0]
[115.5141, 0]
[115.5307, 0]
[115.5473, 0]
[115.5639, 0]
[115.5804, 0]
[115.597, 0]
[115.6135, 0]
[115.6301, 0]
[115.6467, 0]
[115.6632, 0]
[115.6798, 0]
[115.6964, 0]
[115.7129, 0]
[115.7295, 0]
[115.7461, 0]
[115.7626, 0]
[115.7792, 0]
[115.7958, 0]
[115.8123, 0]
[115.8289, 0]
[115.8455, 0]
[115.862, 0]
[115.8786, 0]
[115.8952, 0]
[115.9117, 0]
[115.9283, 0]
[115.9449, 0]
[115.9614, 0]
[115.978, 0]
[115.9946, 0]
[116.0165, 0]
[116.033, 0]
[116.0496, 0]
[116.0662, 0]
[116.0827, 0]
[116.0993, 0]
[116.1159, 0]
[116.1324, 0]
[116.149, 0]
[116.1656, 0]
[116.1821, 0]
[116.1987, 0]
[116.2153, 0]
[116.2318, 0]
[116.2484, 0]
[116.265, 0]
[116.2815, 0]
[116.2981, 0]
[116.3147, 0]
[116.3312, 0]
[116.3478, 0]
[116.3644, 0]
[116.3809, 0]
[116.3975, 0]
[116.4141, 0]
[116.4306, 0]
[116.4472, 0]
[116.4638, 0]
[116.4803, 0]
[116.4969, 0]
[116.5135, 0]
[116.53, 0]
[116.5641, 0]
[116.5806, 0]
[116.5972, 0]
[116.6138, 0]
[116.6303, 0]
[116.6469, 0]
[116.6635, 0]
[116.68, 0]
[116.6966, 0]
[116.7132, 0]
[116.7297, 0]
[116.7463, 0]
[116.7629, 0]
[116.7809, 0]
[116.7974, 0]
[116.814, 0]
[116.8306, 0]
[116.8472, 0]
[116.8752, 0]
[116.8925, 0]
[116.9114, 0]
[116.9333, 0]
[116.9513, 0]
[116.9678, 0]
[116.9844, 0]
[116.9844, 2]
[117.001, 0]
[117.0175, 0]
[117.0341, 0]
[117.0507, 0]
[117.0672, 0]
[117.0929, 0]
[117.1095, 0]
[117.126, 0]
[117.1426, 0]
[117.1592, 0]
[117.1757, 0]
[117.1923, 0]
[117.2089, 0]
[117.2254, 0]
[117.2422, 0]
[117.2586, 0]
[117.2751, 0]
[117.2917, 0]
[117.3083, 0]
[117.3248, 0]
[117.3414, 0]
[117.358, 0]
[117.3745, 0]
[117.3911, 0]
[117.4077, 0]
[117.4242, 0]
[117.4408, 0]
[117.4574, 0]
[117.4739, 0]
[117.4905, 0]
[117.5071, 0]
[117.5236, 0]
[117.5402, 0]
[117.5568, 0]
[117.5733, 0]
[117.5899, 0]
[117.6065, 0]
[117.623, 0]
[117.6396, 0]
[117.6562, 0]
[117.6727, 0]
[117.6893, 0]
[117.7059, 0]
[117.7224, 0]
[117.739, 0]
[117.7556, 0]
[117.7721, 0]
[117.7887, 0]
[117.8053, 0]
[117.8218, 0]
[117.8384, 0]
[117.855, 0]
[117.8715, 0]
[117.8881, 0]
[117.9047, 0]
[117.9383, 0]
[117.9879, 0]
[118.0045, 0]
[118.021, 0]
[118.0376, 0]
[118.0542, 0]
[118.0707, 0]
[118.0873, 0]
[118.1039, 0]
[118.1204, 0]
[118.137, 0]
[118.1536, 0]
[118.1701, 0]
[118.1701, 2]
[118.1867, 0]
[118.2033, 0]
[118.2199, 0]
[118.2364, 0]
[118.253, 0]
[118.2695, 0]
[118.2861, 0]
[118.3027, 0]
[118.3192, 0]
[118.3358, 0]
[118.3524, 0]
[118.3689, 0]
[118.3855, 0]
[118.4021, 0]
[118.4223, 0]
[118.4388, 0]
[118.4554, 0]
[118.472, 0]
[118.4885, 0]
[118.5051, 0]
[118.5217, 0]
[118.5382, 0]
[118.5548, 0]
[118.5714, 0]
[118.5879, 0]
[118.6045, 0]
[118.6211, 0]
[118.6376, 0]
[118.6542, 0]
[118.6708, 0]
[118.6873, 0]
[118.7039, 0]
[118.7211, 0]
[118.737, 0]
[118.7536, 0]
[118.7702, 0]
[118.7867, 0]
[118.8033, 0]
[118.8199, 0]
[118.8364, 0]
[118.853, 0]
[118.8696, 0]
[118.8861, 0]
[118.9027, 0]
[118.9193, 0]
[118.9358, 0]
[118.9524, 0]
[118.969, 0]
[118.9855, 0]
[119.0376, 0]
[119.0542, 0]
[119.1418, 0]
[119.1654, 0]
[119.182, 0]
[119.1986, 0]
[119.2151, 0]
[119.2317, 0]
[119.2483, 0]
[119.2648, 0]
[119.2814, 0]
[119.298, 0]
[119.3145, 0]
[119.3311, 0]
[119.3477, 0]
[119.3642, 0]
[119.3808, 0]
[119.3974, 0]
[119.4139, 0]
[119.4305, 0]
[119.4471, 0]
[119.4814, 0]
[119.498, 0]
[119.5145, 0]
[119.5311, 0]
[119.5477, 0]
[119.5642, 0]
[119.5808, 0]
[119.5974, 0]
[119.6139, 0]
[119.6305, 0]
[119.647, 0]
[119.6636, 0]
[119.6802, 0]
[119.6968, 0]
[119.7133, 0]
[119.7299, 0]
[119.7465, 0]
[119.763, 0]
[119.7796, 0]
[119.7962, 0]
[119.8127, 0]
[119.8293, 0]
[119.8459, 0]
[119.8624, 0]
[119.879, 0]
[119.8956, 0]
[119.9121, 0]
[119.9287, 0]
[119.9453, 0]
[119.9618, 0]
[119.9784, 0]
[119.9949, 0]
[120.0115, 0]
[120.03, 0]
[120.0447, 0]
[120.0612, 0]
[120.0778, 0]
[120.1252, 0]
[120.1418, 0]
[120.1584, 0]
[120.1749, 0]
[120.1915, 0]
[120.2081, 0]
[120.2258, 0]
[120.2424, 0]
[120.2589, 0]
[120.2755, 0]
[120.2921, 0]
[120.3086, 0]
[120.3252, 0]
[120.3418, 0]
[120.3584, 0]
[120.3584, 2]
[120.3749, 0]
[120.3915, 0]
[120.4081, 0]
[120.4246, 0]
[120.4412, 0]
[120.4577, 0]
[120.4743, 0]
[120.4909, 0]
[120.5074, 0]
[120.524, 0]
[120.5406, 0]
[120.5572, 0]
[120.5737, 0]
[120.5903, 0]
[120.6068, 0]
[120.6234, 0]
[120.64, 0]
[120.6565, 0]
[120.6731, 0]
[120.6897, 0]
[120.7062, 0]
[120.7228, 0]
[120.7394, 0]
[120.756, 0]
[120.7725, 0]
[120.7891, 0]
[120.8056, 0]
[120.8222, 0]
[120.8388, 0]
[120.8553, 0]
[120.8719, 0]
[120.8885, 0]
[120.905, 0]
[120.9216, 0]
[120.9382, 0]
[120.9548, 0]
[120.9713, 0]
[120.9879, 0]
[121.0044, 0]
[121.021, 0]
[121.0376, 0]
[121.0541, 0]
[121.1072, 0]
[121.1238, 0]
[121.1499, 0]
[121.1665, 0]
[121.1989, 0]
[121.2154, 0]
[121.2506, 0]
[121.2671, 0]
[121.2837, 0]
[121.3157, 0]
[121.3322, 0]
[121.3488, 0]
[121.3654, 0]
[121.3819, 0]
[121.3985, 0]
[121.4154, 0]
[121.4316, 0]
[121.4316, 2]
[121.4482, 0]
[121.4648, 0]
[121.4813, 0]
[121.4979, 0]
[121.5145, 0]
[121.531, 0]
[121.5476, 0]
[121.5642, 0]
[121.5807, 0]
[121.5973, 0]
[121.6139, 0]
[121.6304, 0]
[121.647, 0]
[121.6636, 0]
[121.6801, 0]
[121.6967, 0]
[121.7133, 0]
[121.7298, 0]
[121.7464, 0]
[121.763, 0]
[121.763, 2]
[121.7795, 0]
[121.7961, 0]
[121.8127, 0]
[121.8292, 0]
[121.8458, 0]
[121.8624, 0]
[121.8789, 0]
[121.8955, 0]
[121.9121, 0]
[121.9286, 0]
[121.9452, 0]
[121.9618, 0]
[121.9783, 0]
[121.9949, 0]
[122.0115, 0]
[122.0359, 0]
[122.0525, 0]
[122.0691, 0]
[122.0934, 0]
[122.1099, 0]
[122.1265, 0]
[122.1431, 0]
[122.1596, 0]
[122.1762, 0]
[122.1928, 0]
[122.2093, 0]
[122.2259, 0]
[122.2425, 0]
[122.259, 0]
[122.2756, 0]
[122.2922, 0]
[122.3087, 0]
[122.3254, 0]
[122.3419, 0]
[122.3584, 0]
[122.375, 0]
[122.3916, 0]
[122.4081, 0]
[122.4247, 0]
[122.4413, 0]
[122.4578, 0]
[122.4744, 0]
[122.491, 0]
[122.5075, 0]
[122.5241, 0]
[122.5407, 0]
[122.5572, 0]
[122.5738, 0]
[122.5904, 0]
[122.6069, 0]
[122.6235, 0]
[122.6401, 0]
[122.6566, 0]
[122.6732, 0]
[122.6898, 0]
[122.7063, 0]
[122.7229, 0]
[122.7395, 0]
[122.756, 0]
[122.7726, 0]
[122.7892, 0]
[122.8057, 0]
[122.8223, 0]
[122.8389, 0]
[122.8554, 0]
[122.872, 0]
[122.8886, 0]
[122.9115, 0]
[122.9281, 0]
[122.9528, 0]
[122.9693, 0]
[122.9863, 0]
[123.0029, 0]
[123.0198, 0]
[123.036, 0]
[123.0526, 0]
[123.0691, 0]
[123.0857, 0]
[123.1023, 0]
[123.1188, 0]
[123.1354, 0]
[123.152, 0]
[123.1685, 0]
[123.1851, 0]
[123.2017, 0]
[123.2182, 0]
[123.2348, 0]
[123.2514, 0]
[123.2679, 0]
[123.3195, 0]
[123.3361, 0]
[123.3827, 0]
[123.4424, 0]
[123.459, 0]
[123.4755, 0]
[123.4921, 0]
[123.5087, 0]
[123.5252, 0]
[123.5418, 0]
[123.5584, 0]
[123.575, 0]
[123.5915, 0]
[123.6081, 0]
[123.6246, 0]
[123.6412, 0]
[123.6578, 0]
[123.6743, 0]
[123.6909, 0]
[123.7075, 0]
[123.724, 0]
[123.7406, 0]
[123.7575, 0]
[123.7738, 0]
[123.7903, 0]
[123.8069, 0]
[123.8234, 0]
[123.8401, 0]
[123.8566, 0]
[123.8731, 0]
[123.8897, 0]
[123.9063, 0]
[123.9229, 0]
[123.9394, 0]
[123.9601, 0]
[123.9767, 0]
[123.9932, 0]
[124.0098, 0]
[124.0264, 0]
[124.0429, 0]
[124.0595, 0]
[124.0761, 0]
[124.0926, 0]
[124.1092, 0]
[124.1258, 0]
[124.1423, 0]
[124.1589, 0]
[124.1755, 0]
[124.192, 0]
[124.2093, 0]
[124.2252, 0]
[124.2417, 0]
[124.2583, 0]
[124.2749, 0]
[124.2914, 0]
[124.308, 0]
[124.3552, 0]
[124.3718, 0]
[124.4218, 0]
[124.4384, 0]
[124.5156, 0]
[124.5322, 0]
[124.5487, 0]
[124.5653, 0]
[124.5819, 0]
[124.5984, 0]
[124.615, 0]
[124.6316, 0]
[124.6481, 0]
[124.6647, 0]
[124.6813, 0]
[124.6978, 0]
[124.7144, 0]
[124.731, 0]
[124.7475, 0]
[124.7641, 0]
[124.7807, 0]
[124.7972, 0]
[124.8138, 0]
[124.8304, 0]
[124.8469, 0]
[124.8635, 0]
[124.8801, 0]
[124.8966, 0]
[124.9132, 0]
[124.9298, 0]
[124.9463, 0]
[124.9629, 0]
[124.9795, 0]
[124.996, 0]
[125.0126, 0]
[125.0292, 0]
[125.0457, 0]
[125.0623, 0]
[125.0789, 0]
[125.0954, 0]
[125.112, 0]
[125.1286, 0]
[125.1451, 0]
[125.1617, 0]
[125.1783, 0]
[125.1948, 0]
[125.2114, 0]
[125.2281, 0]
[125.2445, 0]
[125.2611, 0]
[125.2777, 0]
[125.2942, 0]
[125.3108, 0]
[125.3274, 0]
[125.3439, 0]
[125.3605, 0]
[125.3771, 0]
[125.3936, 0]
[125.4102, 0]
[125.4268, 0]
[125.4433, 0]
[125.4599, 0]
[125.4765, 0]
[125.493, 0]
[125.5096, 0]
[125.5262, 0]
[125.5427, 0]
[125.5593, 0]
[125.5759, 0]
[125.5924, 0]
[125.609, 0]
[125.6256, 0]
[125.6421, 0]
[125.6587, 0]
[125.6753, 0]
[125.6918, 0]
[125.7084, 0]
[125.725, 0]
[125.7415, 0]
[125.7581, 0]
[125.7747, 0]
[125.7912, 0]
[125.8078, 0]
[125.8244, 0]
[125.8409, 0]
[125.8575, 0]
[125.8741, 0]
[125.8906, 0]
[125.9072, 0]
[125.9238, 0]
[125.9403, 0]
[125.9569, 0]
[125.9735, 0]
[125.99, 0]
[126.0066, 0]
[126.0232, 0]
[126.0397, 0]
[126.0563, 0]
[126.0729, 0]
[126.0894, 0]
[126.106, 0]
[126.1226, 0]
[126.1391, 0]
[126.1557, 0]
[126.1723, 0]
[126.1888, 0]
[126.2054, 0]
[126.222, 0]
[126.2385, 0]
[126.2551, 0]
[126.2717, 0]
[126.2882, 0]
[126.3048, 0]
[126.3215, 0]
[126.3379, 0]
[126.3545, 0]
[126.3994, 0]
[126.416, 0]
[126.4395, 0]